base
1.1090760400000002
prunable
1.10513653
conv1
0.014163 0.0000
0.013763 0.4000
0.013896 0.4584
0.013960 0.5111
0.013877 0.5586
0.013712 0.6016
0.013945 0.6403
0.013768 0.6753
0.013697 0.7069
0.013821 0.7354
0.014012 0.7612
0.014262 0.7844
0.013931 0.8054
0.013562 0.8243
0.013382 0.8414
0.012879 0.8568
0.012907 0.8708
0.013721 0.8833
0.013947 0.8947
0.013764 0.9049
0.014147 0.9142
0.013283 0.9225
0.013996 0.9301
0.013131 0.9369
0.013120 0.9430
0.013993 0.9486
0.014076 0.9536
0.013777 0.9581
0.013819 0.9622
0.013762 0.9658
0.013797 0.9692
0.013691 0.9722
0.013684 0.9749
0.013695 0.9773
0.014288 0.9795
0.014319 0.9815
0.013877 0.9833
0.013761 0.9849
0.013832 0.9864
0.013927 0.9877
0.013840 0.9889
0.013909 0.9900
layer1.0.conv1
0.004612 0.0000
0.002852 0.4000
0.002690 0.4584
0.002627 0.5111
0.002645 0.5586
0.002603 0.6016
0.002606 0.6403
0.002629 0.6753
0.002608 0.7069
0.002594 0.7354
0.002613 0.7612
0.002614 0.7844
0.002596 0.8054
0.002585 0.8243
0.002613 0.8414
0.002607 0.8568
0.002597 0.8708
0.002604 0.8833
0.002592 0.8947
0.002597 0.9049
0.002558 0.9142
0.002610 0.9225
0.002596 0.9301
0.002584 0.9369
0.002626 0.9430
0.002599 0.9486
0.002581 0.9536
0.002579 0.9581
0.002569 0.9622
0.002572 0.9658
0.002580 0.9692
0.002544 0.9722
0.002558 0.9749
0.002547 0.9773
0.002524 0.9795
0.002522 0.9815
0.002525 0.9833
0.002522 0.9849
0.002516 0.9864
0.002512 0.9877
0.002492 0.9889
0.002509 0.9900
layer1.0.conv2
0.021194 0.0000
0.042836 0.4000
0.039780 0.4584
0.036861 0.5111
0.033424 0.5586
0.030763 0.6016
0.028664 0.6403
0.026017 0.6753
0.024035 0.7069
0.022591 0.7354
0.020799 0.7612
0.019689 0.7844
0.018069 0.8054
0.016376 0.8243
0.015259 0.8414
0.014322 0.8568
0.013309 0.8708
0.012580 0.8833
0.011811 0.8947
0.010866 0.9049
0.010572 0.9142
0.009621 0.9225
0.008872 0.9301
0.008314 0.9369
0.007850 0.9430
0.007460 0.9486
0.007136 0.9536
0.006726 0.9581
0.006543 0.9622
0.006243 0.9658
0.006025 0.9692
0.005743 0.9722
0.005574 0.9749
0.005438 0.9773
0.005479 0.9795
0.005369 0.9815
0.005064 0.9833
0.004883 0.9849
0.004817 0.9864
0.004803 0.9877
0.004758 0.9889
0.004626 0.9900
layer1.0.conv3
0.013486 0.0000
0.009804 0.4000
0.009186 0.4584
0.008389 0.5111
0.007779 0.5586
0.007522 0.6016
0.006878 0.6403
0.006224 0.6753
0.005829 0.7069
0.005505 0.7354
0.005293 0.7612
0.005191 0.7844
0.005196 0.8054
0.005229 0.8243
0.005189 0.8414
0.005192 0.8568
0.005145 0.8708
0.005182 0.8833
0.005163 0.8947
0.005092 0.9049
0.005130 0.9142
0.005102 0.9225
0.005059 0.9301
0.005046 0.9369
0.005047 0.9430
0.005037 0.9486
0.005015 0.9536
0.005030 0.9581
0.005021 0.9622
0.005000 0.9658
0.004988 0.9692
0.004986 0.9722
0.004935 0.9749
0.004946 0.9773
0.004950 0.9795
0.004928 0.9815
0.004920 0.9833
0.004918 0.9849
0.004890 0.9864
0.005910 0.9877
0.005807 0.9889
0.005785 0.9900
layer1.0.downsample.0
0.007928 0.0000
0.006164 0.4000
0.006199 0.4584
0.006077 0.5111
0.006079 0.5586
0.006068 0.6016
0.006245 0.6403
0.006090 0.6753
0.006083 0.7069
0.006113 0.7354
0.006104 0.7612
0.006264 0.7844
0.006091 0.8054
0.006122 0.8243
0.006102 0.8414
0.006122 0.8568
0.006077 0.8708
0.006194 0.8833
0.006254 0.8947
0.006090 0.9049
0.006322 0.9142
0.006230 0.9225
0.006138 0.9301
0.006126 0.9369
0.006110 0.9430
0.006128 0.9486
0.006141 0.9536
0.006147 0.9581
0.006083 0.9622
0.006103 0.9658
0.006065 0.9692
0.006064 0.9722
0.006082 0.9749
0.006083 0.9773
0.006274 0.9795
0.006303 0.9815
0.006204 0.9833
0.006167 0.9849
0.006157 0.9864
0.005910 0.9877
0.005807 0.9889
0.005785 0.9900
layer1.1.conv1
0.013885 0.0000
0.011818 0.4000
0.009532 0.4584
0.008745 0.5111
0.008369 0.5586
0.007354 0.6016
0.006986 0.6403
0.006482 0.6753
0.006132 0.7069
0.005795 0.7354
0.005769 0.7612
0.005612 0.7844
0.005374 0.8054
0.005174 0.8243
0.005002 0.8414
0.004849 0.8568
0.004820 0.8708
0.004878 0.8833
0.004709 0.8947
0.004408 0.9049
0.004526 0.9142
0.004400 0.9225
0.004111 0.9301
0.004129 0.9369
0.004065 0.9430
0.003998 0.9486
0.003889 0.9536
0.003786 0.9581
0.003708 0.9622
0.003596 0.9658
0.003607 0.9692
0.003549 0.9722
0.003427 0.9749
0.003334 0.9773
0.003382 0.9795
0.003336 0.9815
0.003164 0.9833
0.003013 0.9849
0.002983 0.9864
0.002943 0.9877
0.002920 0.9889
0.002846 0.9900
layer1.1.conv2
0.021105 0.0000
0.042274 0.4000
0.039570 0.4584
0.035783 0.5111
0.032720 0.5586
0.029745 0.6016
0.027607 0.6403
0.025091 0.6753
0.023020 0.7069
0.021577 0.7354
0.020098 0.7612
0.018845 0.7844
0.017188 0.8054
0.015631 0.8243
0.014521 0.8414
0.013712 0.8568
0.012734 0.8708
0.012302 0.8833
0.011437 0.8947
0.010535 0.9049
0.010487 0.9142
0.009468 0.9225
0.008853 0.9301
0.008405 0.9369
0.007952 0.9430
0.007702 0.9486
0.007269 0.9536
0.007043 0.9581
0.006749 0.9622
0.006499 0.9658
0.006315 0.9692
0.006065 0.9722
0.005818 0.9749
0.005627 0.9773
0.005550 0.9795
0.005398 0.9815
0.005214 0.9833
0.005101 0.9849
0.004923 0.9864
0.004776 0.9877
0.004692 0.9889
0.004569 0.9900
layer1.1.conv3
0.013313 0.0000
0.010973 0.4000
0.010267 0.4584
0.009559 0.5111
0.008670 0.5586
0.008189 0.6016
0.007852 0.6403
0.007473 0.6753
0.007152 0.7069
0.007110 0.7354
0.007099 0.7612
0.007306 0.7844
0.007092 0.8054
0.007100 0.8243
0.007091 0.8414
0.007144 0.8568
0.007085 0.8708
0.007173 0.8833
0.007242 0.8947
0.007105 0.9049
0.007276 0.9142
0.007254 0.9225
0.007155 0.9301
0.007142 0.9369
0.007126 0.9430
0.007133 0.9486
0.007126 0.9536
0.007148 0.9581
0.007124 0.9622
0.007104 0.9658
0.007084 0.9692
0.007086 0.9722
0.007053 0.9749
0.007063 0.9773
0.007258 0.9795
0.007261 0.9815
0.007098 0.9833
0.007014 0.9849
0.006978 0.9864
0.006982 0.9877
0.006960 0.9889
0.006966 0.9900
layer1.2.conv1
0.013607 0.0000
0.011040 0.4000
0.009368 0.4584
0.008623 0.5111
0.008203 0.5586
0.007299 0.6016
0.007032 0.6403
0.006765 0.6753
0.006269 0.7069
0.006022 0.7354
0.005830 0.7612
0.005875 0.7844
0.005558 0.8054
0.005329 0.8243
0.005239 0.8414
0.005204 0.8568
0.005009 0.8708
0.005028 0.8833
0.005003 0.8947
0.004740 0.9049
0.004781 0.9142
0.004595 0.9225
0.004469 0.9301
0.004367 0.9369
0.004266 0.9430
0.004190 0.9486
0.004145 0.9536
0.004024 0.9581
0.003927 0.9622
0.003828 0.9658
0.003772 0.9692
0.003590 0.9722
0.003510 0.9749
0.003408 0.9773
0.003398 0.9795
0.003261 0.9815
0.003106 0.9833
0.003046 0.9849
0.002925 0.9864
0.002966 0.9877
0.002820 0.9889
0.002794 0.9900
layer1.2.conv2
0.021157 0.0000
0.041696 0.4000
0.038898 0.4584
0.035099 0.5111
0.031994 0.5586
0.029237 0.6016
0.026948 0.6403
0.024245 0.6753
0.022294 0.7069
0.020740 0.7354
0.019307 0.7612
0.018343 0.7844
0.016876 0.8054
0.015295 0.8243
0.014233 0.8414
0.013469 0.8568
0.012696 0.8708
0.012002 0.8833
0.011417 0.8947
0.010519 0.9049
0.010205 0.9142
0.009521 0.9225
0.008958 0.9301
0.008469 0.9369
0.008218 0.9430
0.007805 0.9486
0.007392 0.9536
0.007091 0.9581
0.006883 0.9622
0.006608 0.9658
0.006418 0.9692
0.006187 0.9722
0.005994 0.9749
0.005864 0.9773
0.005829 0.9795
0.005703 0.9815
0.005486 0.9833
0.005345 0.9849
0.005157 0.9864
0.004989 0.9877
0.004892 0.9889
0.004747 0.9900
layer1.2.conv3
0.013231 0.0000
0.010848 0.4000
0.009963 0.4584
0.009117 0.5111
0.008565 0.5586
0.008206 0.6016
0.007858 0.6403
0.007353 0.6753
0.007236 0.7069
0.007138 0.7354
0.007138 0.7612
0.007308 0.7844
0.007112 0.8054
0.007140 0.8243
0.007147 0.8414
0.007153 0.8568
0.007092 0.8708
0.007156 0.8833
0.007246 0.8947
0.007127 0.9049
0.007295 0.9142
0.007267 0.9225
0.007181 0.9301
0.007147 0.9369
0.007116 0.9430
0.007126 0.9486
0.007147 0.9536
0.007144 0.9581
0.007123 0.9622
0.007104 0.9658
0.007113 0.9692
0.007091 0.9722
0.007093 0.9749
0.007089 0.9773
0.007346 0.9795
0.007349 0.9815
0.007177 0.9833
0.007139 0.9849
0.007152 0.9864
0.007239 0.9877
0.007152 0.9889
0.007193 0.9900
layer2.0.conv1
0.026051 0.0000
0.019830 0.4000
0.018762 0.4584
0.017309 0.5111
0.017706 0.5586
0.014350 0.6016
0.013322 0.6403
0.012140 0.6753
0.011180 0.7069
0.010514 0.7354
0.009754 0.7612
0.009285 0.7844
0.009013 0.8054
0.008312 0.8243
0.008057 0.8414
0.007630 0.8568
0.007368 0.8708
0.006981 0.8833
0.007062 0.8947
0.006547 0.9049
0.006499 0.9142
0.006440 0.9225
0.006124 0.9301
0.005960 0.9369
0.005901 0.9430
0.005840 0.9486
0.005810 0.9536
0.005794 0.9581
0.005641 0.9622
0.005650 0.9658
0.005488 0.9692
0.005463 0.9722
0.005307 0.9749
0.005311 0.9773
0.005372 0.9795
0.005186 0.9815
0.005050 0.9833
0.004978 0.9849
0.004871 0.9864
0.004907 0.9877
0.004781 0.9889
0.004726 0.9900
layer2.0.conv2
0.057798 0.0000
0.067640 0.4000
0.060103 0.4584
0.052722 0.5111
0.046263 0.5586
0.039071 0.6016
0.036741 0.6403
0.031721 0.6753
0.029228 0.7069
0.026290 0.7354
0.025557 0.7612
0.023638 0.7844
0.021264 0.8054
0.018623 0.8243
0.017330 0.8414
0.016594 0.8568
0.015434 0.8708
0.014461 0.8833
0.013718 0.8947
0.012546 0.9049
0.012296 0.9142
0.012030 0.9225
0.010908 0.9301
0.010318 0.9369
0.010090 0.9430
0.009449 0.9486
0.009188 0.9536
0.008743 0.9581
0.008688 0.9622
0.008099 0.9658
0.007879 0.9692
0.007634 0.9722
0.007447 0.9749
0.007243 0.9773
0.007105 0.9795
0.006876 0.9815
0.006497 0.9833
0.006372 0.9849
0.006193 0.9864
0.005985 0.9877
0.005772 0.9889
0.005627 0.9900
layer2.0.conv3
0.012391 0.0000
0.010657 0.4000
0.009982 0.4584
0.009155 0.5111
0.008419 0.5586
0.007885 0.6016
0.007494 0.6403
0.006717 0.6753
0.006311 0.7069
0.005928 0.7354
0.005551 0.7612
0.005286 0.7844
0.004856 0.8054
0.004398 0.8243
0.004146 0.8414
0.003885 0.8568
0.003638 0.8708
0.003441 0.8833
0.003272 0.8947
0.003009 0.9049
0.002916 0.9142
0.002770 0.9225
0.002707 0.9301
0.002639 0.9369
0.002550 0.9430
0.002578 0.9486
0.002530 0.9536
0.002517 0.9581
0.002506 0.9622
0.002532 0.9658
0.002479 0.9692
0.002490 0.9722
0.002467 0.9749
0.002465 0.9773
0.002507 0.9795
0.002501 0.9815
0.002463 0.9833
0.002451 0.9849
0.002451 0.9864
0.002458 0.9877
0.002457 0.9889
0.002458 0.9900
layer2.0.downsample.0
0.015489 0.0000
0.010907 0.4000
0.010135 0.4584
0.009368 0.5111
0.009082 0.5586
0.008304 0.6016
0.007939 0.6403
0.007097 0.6753
0.006660 0.7069
0.006297 0.7354
0.005845 0.7612
0.006082 0.7844
0.005119 0.8054
0.004692 0.8243
0.004646 0.8414
0.004161 0.8568
0.003955 0.8708
0.003810 0.8833
0.003774 0.8947
0.003649 0.9049
0.003737 0.9142
0.003686 0.9225
0.003597 0.9301
0.003581 0.9369
0.003578 0.9430
0.003567 0.9486
0.003563 0.9536
0.003549 0.9581
0.003543 0.9622
0.003522 0.9658
0.003515 0.9692
0.003513 0.9722
0.003475 0.9749
0.003459 0.9773
0.003631 0.9795
0.003581 0.9815
0.003443 0.9833
0.003413 0.9849
0.003382 0.9864
0.003389 0.9877
0.003380 0.9889
0.003366 0.9900
layer2.1.conv1
0.013262 0.0000
0.010150 0.4000
0.009635 0.4584
0.008773 0.5111
0.008065 0.5586
0.007688 0.6016
0.007135 0.6403
0.006462 0.6753
0.006135 0.7069
0.005711 0.7354
0.005417 0.7612
0.005299 0.7844
0.004876 0.8054
0.004667 0.8243
0.004334 0.8414
0.004129 0.8568
0.003951 0.8708
0.003842 0.8833
0.003739 0.8947
0.003559 0.9049
0.003595 0.9142
0.003437 0.9225
0.003285 0.9301
0.003171 0.9369
0.003101 0.9430
0.003017 0.9486
0.002923 0.9536
0.002874 0.9581
0.002796 0.9622
0.002768 0.9658
0.002694 0.9692
0.002637 0.9722
0.002609 0.9749
0.002565 0.9773
0.002630 0.9795
0.002524 0.9815
0.002393 0.9833
0.002368 0.9849
0.002291 0.9864
0.002239 0.9877
0.002177 0.9889
0.002103 0.9900
layer2.1.conv2
0.023734 0.0000
0.053691 0.4000
0.048328 0.4584
0.044011 0.5111
0.038342 0.5586
0.033274 0.6016
0.030932 0.6403
0.026978 0.6753
0.024525 0.7069
0.023515 0.7354
0.020806 0.7612
0.019706 0.7844
0.018113 0.8054
0.016307 0.8243
0.015096 0.8414
0.014141 0.8568
0.013110 0.8708
0.012311 0.8833
0.011409 0.8947
0.010598 0.9049
0.009898 0.9142
0.009219 0.9225
0.008474 0.9301
0.007914 0.9369
0.007428 0.9430
0.007051 0.9486
0.006700 0.9536
0.006302 0.9581
0.005950 0.9622
0.005664 0.9658
0.005413 0.9692
0.005240 0.9722
0.004952 0.9749
0.004764 0.9773
0.004584 0.9795
0.004433 0.9815
0.004203 0.9833
0.003903 0.9849
0.003827 0.9864
0.003625 0.9877
0.003458 0.9889
0.003331 0.9900
layer2.1.conv3
0.012549 0.0000
0.011247 0.4000
0.010791 0.4584
0.010238 0.5111
0.009470 0.5586
0.009206 0.6016
0.008731 0.6403
0.007918 0.6753
0.007419 0.7069
0.006993 0.7354
0.006533 0.7612
0.006134 0.7844
0.005626 0.8054
0.005127 0.8243
0.004771 0.8414
0.004524 0.8568
0.004305 0.8708
0.004114 0.8833
0.003952 0.8947
0.003757 0.9049
0.003815 0.9142
0.003743 0.9225
0.003647 0.9301
0.003643 0.9369
0.003644 0.9430
0.003618 0.9486
0.003621 0.9536
0.003626 0.9581
0.003582 0.9622
0.003592 0.9658
0.003585 0.9692
0.003573 0.9722
0.003581 0.9749
0.003609 0.9773
0.003755 0.9795
0.003697 0.9815
0.003572 0.9833
0.003594 0.9849
0.003580 0.9864
0.003593 0.9877
0.003579 0.9889
0.003549 0.9900
layer2.2.conv1
0.012719 0.0000
0.010215 0.4000
0.009517 0.4584
0.008877 0.5111
0.008104 0.5586
0.007496 0.6016
0.007113 0.6403
0.006828 0.6753
0.006053 0.7069
0.006040 0.7354
0.005487 0.7612
0.005288 0.7844
0.004967 0.8054
0.004480 0.8243
0.004302 0.8414
0.004000 0.8568
0.003829 0.8708
0.003786 0.8833
0.003701 0.8947
0.003503 0.9049
0.003526 0.9142
0.003377 0.9225
0.003213 0.9301
0.003116 0.9369
0.003084 0.9430
0.003027 0.9486
0.002969 0.9536
0.002902 0.9581
0.002835 0.9622
0.002810 0.9658
0.002790 0.9692
0.002711 0.9722
0.002669 0.9749
0.002624 0.9773
0.002714 0.9795
0.002656 0.9815
0.002569 0.9833
0.002498 0.9849
0.002492 0.9864
0.002444 0.9877
0.002398 0.9889
0.002368 0.9900
layer2.2.conv2
0.024439 0.0000
0.052892 0.4000
0.048689 0.4584
0.043431 0.5111
0.038898 0.5586
0.032631 0.6016
0.029812 0.6403
0.027197 0.6753
0.023576 0.7069
0.022482 0.7354
0.020901 0.7612
0.019145 0.7844
0.016944 0.8054
0.015411 0.8243
0.014048 0.8414
0.013412 0.8568
0.012279 0.8708
0.011442 0.8833
0.010719 0.8947
0.009776 0.9049
0.009354 0.9142
0.008689 0.9225
0.008008 0.9301
0.007405 0.9369
0.007094 0.9430
0.006588 0.9486
0.006281 0.9536
0.006048 0.9581
0.005688 0.9622
0.005515 0.9658
0.005298 0.9692
0.005085 0.9722
0.004884 0.9749
0.004664 0.9773
0.004604 0.9795
0.004430 0.9815
0.004255 0.9833
0.004038 0.9849
0.003926 0.9864
0.003723 0.9877
0.003595 0.9889
0.003471 0.9900
layer2.2.conv3
0.012574 0.0000
0.010761 0.4000
0.010201 0.4584
0.009523 0.5111
0.008776 0.5586
0.008471 0.6016
0.008161 0.6403
0.007455 0.6753
0.006844 0.7069
0.006413 0.7354
0.005997 0.7612
0.005771 0.7844
0.005251 0.8054
0.004865 0.8243
0.004499 0.8414
0.004335 0.8568
0.004040 0.8708
0.003920 0.8833
0.003782 0.8947
0.003656 0.9049
0.003771 0.9142
0.003720 0.9225
0.003650 0.9301
0.003620 0.9369
0.003660 0.9430
0.003602 0.9486
0.003597 0.9536
0.003609 0.9581
0.003581 0.9622
0.003581 0.9658
0.003588 0.9692
0.003573 0.9722
0.003564 0.9749
0.003603 0.9773
0.003734 0.9795
0.003712 0.9815
0.003595 0.9833
0.003609 0.9849
0.003611 0.9864
0.003626 0.9877
0.003618 0.9889
0.003583 0.9900
layer2.3.conv1
0.012548 0.0000
0.010115 0.4000
0.009436 0.4584
0.008760 0.5111
0.007977 0.5586
0.007346 0.6016
0.006990 0.6403
0.006382 0.6753
0.005927 0.7069
0.005646 0.7354
0.005405 0.7612
0.005242 0.7844
0.004806 0.8054
0.004830 0.8243
0.004156 0.8414
0.003969 0.8568
0.003838 0.8708
0.003739 0.8833
0.003657 0.8947
0.003416 0.9049
0.003445 0.9142
0.003394 0.9225
0.003232 0.9301
0.003172 0.9369
0.003131 0.9430
0.003092 0.9486
0.003028 0.9536
0.002971 0.9581
0.002881 0.9622
0.002843 0.9658
0.002783 0.9692
0.002757 0.9722
0.002717 0.9749
0.002646 0.9773
0.002734 0.9795
0.002688 0.9815
0.002573 0.9833
0.002478 0.9849
0.002482 0.9864
0.002435 0.9877
0.002341 0.9889
0.002258 0.9900
layer2.3.conv2
0.029052 0.0000
0.051879 0.4000
0.048127 0.4584
0.042159 0.5111
0.037396 0.5586
0.031804 0.6016
0.029046 0.6403
0.026356 0.6753
0.023534 0.7069
0.021868 0.7354
0.019902 0.7612
0.018647 0.7844
0.016275 0.8054
0.015000 0.8243
0.013570 0.8414
0.012782 0.8568
0.011857 0.8708
0.011087 0.8833
0.010409 0.8947
0.009543 0.9049
0.009030 0.9142
0.008419 0.9225
0.007668 0.9301
0.007133 0.9369
0.006731 0.9430
0.006417 0.9486
0.006070 0.9536
0.005780 0.9581
0.005547 0.9622
0.005321 0.9658
0.005124 0.9692
0.004873 0.9722
0.004723 0.9749
0.004570 0.9773
0.004504 0.9795
0.004385 0.9815
0.004142 0.9833
0.003878 0.9849
0.003839 0.9864
0.003680 0.9877
0.003549 0.9889
0.003434 0.9900
layer2.3.conv3
0.012740 0.0000
0.011749 0.4000
0.010863 0.4584
0.009728 0.5111
0.009159 0.5586
0.008711 0.6016
0.008159 0.6403
0.007456 0.6753
0.006780 0.7069
0.006382 0.7354
0.005966 0.7612
0.005819 0.7844
0.005152 0.8054
0.004776 0.8243
0.004430 0.8414
0.004235 0.8568
0.004023 0.8708
0.003946 0.8833
0.003802 0.8947
0.003678 0.9049
0.003778 0.9142
0.003746 0.9225
0.003644 0.9301
0.003635 0.9369
0.003638 0.9430
0.003594 0.9486
0.003587 0.9536
0.003617 0.9581
0.003573 0.9622
0.003556 0.9658
0.003582 0.9692
0.003588 0.9722
0.003572 0.9749
0.003587 0.9773
0.003704 0.9795
0.003735 0.9815
0.003597 0.9833
0.003610 0.9849
0.003612 0.9864
0.003631 0.9877
0.003614 0.9889
0.003595 0.9900
layer3.0.conv1
0.024596 0.0000
0.019858 0.4000
0.019858 0.4584
0.016934 0.5111
0.015364 0.5586
0.013995 0.6016
0.013130 0.6403
0.011804 0.6753
0.010894 0.7069
0.010187 0.7354
0.009584 0.7612
0.009462 0.7844
0.008434 0.8054
0.007606 0.8243
0.007128 0.8414
0.006752 0.8568
0.006343 0.8708
0.006381 0.8833
0.005935 0.8947
0.005574 0.9049
0.005499 0.9142
0.005256 0.9225
0.004968 0.9301
0.004788 0.9369
0.004749 0.9430
0.004593 0.9486
0.004448 0.9536
0.004398 0.9581
0.004280 0.9622
0.004285 0.9658
0.004209 0.9692
0.004103 0.9722
0.004081 0.9749
0.004049 0.9773
0.004183 0.9795
0.004126 0.9815
0.004029 0.9833
0.003991 0.9849
0.003966 0.9864
0.003956 0.9877
0.003942 0.9889
0.003907 0.9900
layer3.0.conv2
0.059639 0.0000
0.077236 0.4000
0.072381 0.4584
0.065142 0.5111
0.058611 0.5586
0.051143 0.6016
0.048144 0.6403
0.043730 0.6753
0.038933 0.7069
0.036656 0.7354
0.033959 0.7612
0.032082 0.7844
0.027945 0.8054
0.024545 0.8243
0.022652 0.8414
0.020381 0.8568
0.018396 0.8708
0.017122 0.8833
0.015428 0.8947
0.013841 0.9049
0.013215 0.9142
0.012054 0.9225
0.010810 0.9301
0.009985 0.9369
0.009179 0.9430
0.008617 0.9486
0.008094 0.9536
0.007630 0.9581
0.007073 0.9622
0.006776 0.9658
0.006497 0.9692
0.006276 0.9722
0.006236 0.9749
0.005993 0.9773
0.005880 0.9795
0.005747 0.9815
0.005403 0.9833
0.005205 0.9849
0.005117 0.9864
0.004943 0.9877
0.004818 0.9889
0.004579 0.9900
layer3.0.conv3
0.012041 0.0000
0.012783 0.4000
0.010819 0.4584
0.009560 0.5111
0.008640 0.5586
0.008292 0.6016
0.007451 0.6403
0.006780 0.6753
0.006162 0.7069
0.005729 0.7354
0.005327 0.7612
0.005052 0.7844
0.004530 0.8054
0.004125 0.8243
0.003826 0.8414
0.003634 0.8568
0.003311 0.8708
0.003085 0.8833
0.002886 0.8947
0.002687 0.9049
0.002566 0.9142
0.002377 0.9225
0.002187 0.9301
0.002073 0.9369
0.002008 0.9430
0.001978 0.9486
0.001832 0.9536
0.001789 0.9581
0.001740 0.9622
0.001709 0.9658
0.001644 0.9692
0.001617 0.9722
0.001608 0.9749
0.001598 0.9773
0.001627 0.9795
0.001590 0.9815
0.001570 0.9833
0.001539 0.9849
0.001540 0.9864
0.001512 0.9877
0.001501 0.9889
0.001517 0.9900
layer3.0.downsample.0
0.015025 0.0000
0.015096 0.4000
0.019063 0.4584
0.012200 0.5111
0.010741 0.5586
0.009217 0.6016
0.008634 0.6403
0.007600 0.6753
0.007218 0.7069
0.006576 0.7354
0.005968 0.7612
0.005499 0.7844
0.005344 0.8054
0.004712 0.8243
0.004196 0.8414
0.003868 0.8568
0.003769 0.8708
0.003460 0.8833
0.003097 0.8947
0.002849 0.9049
0.002771 0.9142
0.002627 0.9225
0.002431 0.9301
0.002340 0.9369
0.002258 0.9430
0.002097 0.9486
0.002068 0.9536
0.002027 0.9581
0.001898 0.9622
0.001778 0.9658
0.001812 0.9692
0.001730 0.9722
0.001677 0.9749
0.001648 0.9773
0.001711 0.9795
0.001643 0.9815
0.001567 0.9833
0.001553 0.9849
0.001586 0.9864
0.001533 0.9877
0.001533 0.9889
0.001507 0.9900
layer3.1.conv1
0.012856 0.0000
0.011429 0.4000
0.011115 0.4584
0.009439 0.5111
0.008349 0.5586
0.007558 0.6016
0.007099 0.6403
0.006464 0.6753
0.005934 0.7069
0.005610 0.7354
0.005179 0.7612
0.004928 0.7844
0.004524 0.8054
0.004092 0.8243
0.003770 0.8414
0.003550 0.8568
0.003336 0.8708
0.003170 0.8833
0.002963 0.8947
0.002735 0.9049
0.002638 0.9142
0.002457 0.9225
0.002271 0.9301
0.002205 0.9369
0.002085 0.9430
0.001988 0.9486
0.001934 0.9536
0.001842 0.9581
0.001789 0.9622
0.001741 0.9658
0.001704 0.9692
0.001662 0.9722
0.001583 0.9749
0.001539 0.9773
0.001581 0.9795
0.001527 0.9815
0.001455 0.9833
0.001402 0.9849
0.001445 0.9864
0.001390 0.9877
0.001375 0.9889
0.001337 0.9900
layer3.1.conv2
0.023864 0.0000
0.062365 0.4000
0.057863 0.4584
0.052152 0.5111
0.046462 0.5586
0.040761 0.6016
0.036811 0.6403
0.032927 0.6753
0.029511 0.7069
0.026969 0.7354
0.025375 0.7612
0.023445 0.7844
0.020887 0.8054
0.018251 0.8243
0.016377 0.8414
0.015044 0.8568
0.013692 0.8708
0.012440 0.8833
0.011173 0.8947
0.010142 0.9049
0.009398 0.9142
0.008541 0.9225
0.007751 0.9301
0.006986 0.9369
0.006527 0.9430
0.006017 0.9486
0.005492 0.9536
0.005107 0.9581
0.004795 0.9622
0.004538 0.9658
0.004242 0.9692
0.004003 0.9722
0.003831 0.9749
0.003651 0.9773
0.003426 0.9795
0.003280 0.9815
0.003127 0.9833
0.003005 0.9849
0.002925 0.9864
0.002856 0.9877
0.002717 0.9889
0.002643 0.9900
layer3.1.conv3
0.012406 0.0000
0.012984 0.4000
0.012039 0.4584
0.011527 0.5111
0.009924 0.5586
0.008967 0.6016
0.008418 0.6403
0.007629 0.6753
0.007155 0.7069
0.006554 0.7354
0.006223 0.7612
0.005771 0.7844
0.005314 0.8054
0.004923 0.8243
0.004508 0.8414
0.004162 0.8568
0.003931 0.8708
0.003718 0.8833
0.003340 0.8947
0.003072 0.9049
0.002995 0.9142
0.002671 0.9225
0.002439 0.9301
0.002281 0.9369
0.002078 0.9430
0.002031 0.9486
0.001949 0.9536
0.001871 0.9581
0.001860 0.9622
0.001720 0.9658
0.001705 0.9692
0.001666 0.9722
0.001625 0.9749
0.001600 0.9773
0.001644 0.9795
0.001617 0.9815
0.001588 0.9833
0.001540 0.9849
0.001555 0.9864
0.001531 0.9877
0.001515 0.9889
0.001493 0.9900
layer3.2.conv1
0.011913 0.0000
0.012754 0.4000
0.011364 0.4584
0.009644 0.5111
0.008551 0.5586
0.007968 0.6016
0.007294 0.6403
0.006531 0.6753
0.005952 0.7069
0.005538 0.7354
0.005173 0.7612
0.004911 0.7844
0.004485 0.8054
0.004089 0.8243
0.003787 0.8414
0.003554 0.8568
0.003329 0.8708
0.003180 0.8833
0.003006 0.8947
0.002794 0.9049
0.002698 0.9142
0.002543 0.9225
0.002381 0.9301
0.002259 0.9369
0.002167 0.9430
0.002172 0.9486
0.002067 0.9536
0.001923 0.9581
0.001899 0.9622
0.001847 0.9658
0.001774 0.9692
0.001758 0.9722
0.001678 0.9749
0.001670 0.9773
0.001638 0.9795
0.001616 0.9815
0.001594 0.9833
0.001504 0.9849
0.001547 0.9864
0.001465 0.9877
0.001457 0.9889
0.001392 0.9900
layer3.2.conv2
0.023834 0.0000
0.062360 0.4000
0.058445 0.4584
0.052632 0.5111
0.046418 0.5586
0.039797 0.6016
0.036356 0.6403
0.032878 0.6753
0.029224 0.7069
0.026645 0.7354
0.024950 0.7612
0.023526 0.7844
0.020057 0.8054
0.017991 0.8243
0.015751 0.8414
0.014872 0.8568
0.013268 0.8708
0.012195 0.8833
0.011029 0.8947
0.009891 0.9049
0.009204 0.9142
0.008294 0.9225
0.007652 0.9301
0.006940 0.9369
0.006514 0.9430
0.005930 0.9486
0.005425 0.9536
0.004967 0.9581
0.004730 0.9622
0.004541 0.9658
0.004206 0.9692
0.003954 0.9722
0.003734 0.9749
0.003582 0.9773
0.003386 0.9795
0.003284 0.9815
0.003081 0.9833
0.003045 0.9849
0.002938 0.9864
0.002866 0.9877
0.002722 0.9889
0.002699 0.9900
layer3.2.conv3
0.012420 0.0000
0.014130 0.4000
0.012190 0.4584
0.010342 0.5111
0.009268 0.5586
0.008649 0.6016
0.008005 0.6403
0.007391 0.6753
0.006775 0.7069
0.006368 0.7354
0.005969 0.7612
0.005661 0.7844
0.005042 0.8054
0.004704 0.8243
0.004306 0.8414
0.004058 0.8568
0.003783 0.8708
0.003576 0.8833
0.003314 0.8947
0.003002 0.9049
0.002857 0.9142
0.002612 0.9225
0.002355 0.9301
0.002215 0.9369
0.002074 0.9430
0.002014 0.9486
0.001938 0.9536
0.001881 0.9581
0.001786 0.9622
0.001726 0.9658
0.001689 0.9692
0.001645 0.9722
0.001627 0.9749
0.001616 0.9773
0.001662 0.9795
0.001610 0.9815
0.001571 0.9833
0.001551 0.9849
0.001521 0.9864
0.001546 0.9877
0.001529 0.9889
0.001511 0.9900
layer3.3.conv1
0.011962 0.0000
0.014771 0.4000
0.011663 0.4584
0.010457 0.5111
0.010825 0.5586
0.008089 0.6016
0.007612 0.6403
0.006886 0.6753
0.006234 0.7069
0.006016 0.7354
0.005608 0.7612
0.005126 0.7844
0.004596 0.8054
0.004188 0.8243
0.003869 0.8414
0.003779 0.8568
0.003456 0.8708
0.003274 0.8833
0.003195 0.8947
0.002820 0.9049
0.002754 0.9142
0.002561 0.9225
0.002350 0.9301
0.002329 0.9369
0.002180 0.9430
0.002145 0.9486
0.002046 0.9536
0.001949 0.9581
0.001866 0.9622
0.001879 0.9658
0.001777 0.9692
0.001728 0.9722
0.001694 0.9749
0.001642 0.9773
0.001650 0.9795
0.001645 0.9815
0.001572 0.9833
0.001509 0.9849
0.001540 0.9864
0.001514 0.9877
0.001475 0.9889
0.001406 0.9900
layer3.3.conv2
0.023839 0.0000
0.061977 0.4000
0.057611 0.4584
0.052604 0.5111
0.045842 0.5586
0.040653 0.6016
0.036572 0.6403
0.033214 0.6753
0.029256 0.7069
0.026805 0.7354
0.024832 0.7612
0.023360 0.7844
0.020528 0.8054
0.018056 0.8243
0.016100 0.8414
0.014686 0.8568
0.013442 0.8708
0.012270 0.8833
0.011241 0.8947
0.010032 0.9049
0.009350 0.9142
0.008555 0.9225
0.007721 0.9301
0.006972 0.9369
0.006772 0.9430
0.006055 0.9486
0.005448 0.9536
0.005282 0.9581
0.004883 0.9622
0.004601 0.9658
0.004249 0.9692
0.003951 0.9722
0.003639 0.9749
0.003621 0.9773
0.003396 0.9795
0.003258 0.9815
0.003017 0.9833
0.002893 0.9849
0.002805 0.9864
0.002807 0.9877
0.002590 0.9889
0.002647 0.9900
layer3.3.conv3
0.012440 0.0000
0.011963 0.4000
0.011859 0.4584
0.010262 0.5111
0.009347 0.5586
0.008672 0.6016
0.008232 0.6403
0.007402 0.6753
0.006882 0.7069
0.006532 0.7354
0.006045 0.7612
0.005757 0.7844
0.005094 0.8054
0.004735 0.8243
0.004336 0.8414
0.004067 0.8568
0.003872 0.8708
0.003577 0.8833
0.003274 0.8947
0.003021 0.9049
0.002915 0.9142
0.002614 0.9225
0.002405 0.9301
0.002185 0.9369
0.002048 0.9430
0.002039 0.9486
0.001886 0.9536
0.001845 0.9581
0.001761 0.9622
0.001688 0.9658
0.001664 0.9692
0.001651 0.9722
0.001615 0.9749
0.001581 0.9773
0.001628 0.9795
0.001624 0.9815
0.001572 0.9833
0.001589 0.9849
0.001514 0.9864
0.001552 0.9877
0.001523 0.9889
0.001509 0.9900
layer3.4.conv1
0.012043 0.0000
0.015135 0.4000
0.012337 0.4584
0.010508 0.5111
0.010413 0.5586
0.008294 0.6016
0.007865 0.6403
0.006926 0.6753
0.006370 0.7069
0.005891 0.7354
0.005479 0.7612
0.005026 0.7844
0.004592 0.8054
0.004274 0.8243
0.003796 0.8414
0.003675 0.8568
0.003342 0.8708
0.003166 0.8833
0.003025 0.8947
0.002721 0.9049
0.002782 0.9142
0.002535 0.9225
0.002349 0.9301
0.002245 0.9369
0.002183 0.9430
0.002113 0.9486
0.002074 0.9536
0.001923 0.9581
0.001885 0.9622
0.001859 0.9658
0.001794 0.9692
0.001736 0.9722
0.001698 0.9749
0.001669 0.9773
0.001664 0.9795
0.001668 0.9815
0.001574 0.9833
0.001545 0.9849
0.001566 0.9864
0.001514 0.9877
0.001500 0.9889
0.001425 0.9900
layer3.4.conv2
0.023847 0.0000
0.062078 0.4000
0.056893 0.4584
0.051712 0.5111
0.045919 0.5586
0.040291 0.6016
0.036495 0.6403
0.032787 0.6753
0.028801 0.7069
0.026850 0.7354
0.024843 0.7612
0.023582 0.7844
0.020227 0.8054
0.017893 0.8243
0.015994 0.8414
0.014516 0.8568
0.013213 0.8708
0.011920 0.8833
0.010829 0.8947
0.010041 0.9049
0.009313 0.9142
0.008214 0.9225
0.007652 0.9301
0.006839 0.9369
0.006715 0.9430
0.005936 0.9486
0.005414 0.9536
0.005052 0.9581
0.004815 0.9622
0.004509 0.9658
0.004260 0.9692
0.003878 0.9722
0.003628 0.9749
0.003569 0.9773
0.003326 0.9795
0.003148 0.9815
0.002941 0.9833
0.002873 0.9849
0.002731 0.9864
0.002721 0.9877
0.002604 0.9889
0.002500 0.9900
layer3.4.conv3
0.012388 0.0000
0.012711 0.4000
0.011495 0.4584
0.010372 0.5111
0.009464 0.5586
0.008731 0.6016
0.008222 0.6403
0.007549 0.6753
0.006939 0.7069
0.006615 0.7354
0.006145 0.7612
0.005870 0.7844
0.005193 0.8054
0.004795 0.8243
0.004429 0.8414
0.004163 0.8568
0.003834 0.8708
0.003556 0.8833
0.003307 0.8947
0.003005 0.9049
0.002872 0.9142
0.002630 0.9225
0.002392 0.9301
0.002200 0.9369
0.002071 0.9430
0.002042 0.9486
0.001911 0.9536
0.001843 0.9581
0.001782 0.9622
0.001713 0.9658
0.001649 0.9692
0.001674 0.9722
0.001632 0.9749
0.001605 0.9773
0.001645 0.9795
0.001613 0.9815
0.001568 0.9833
0.001549 0.9849
0.001519 0.9864
0.001553 0.9877
0.001535 0.9889
0.001522 0.9900
layer3.5.conv1
0.012013 0.0000
0.013417 0.4000
0.012466 0.4584
0.010674 0.5111
0.008431 0.5586
0.007482 0.6016
0.007050 0.6403
0.006285 0.6753
0.005750 0.7069
0.005384 0.7354
0.005033 0.7612
0.004790 0.7844
0.004385 0.8054
0.003939 0.8243
0.003677 0.8414
0.003464 0.8568
0.003248 0.8708
0.003163 0.8833
0.002903 0.8947
0.002698 0.9049
0.002603 0.9142
0.002484 0.9225
0.002298 0.9301
0.002207 0.9369
0.002090 0.9430
0.002038 0.9486
0.001978 0.9536
0.001894 0.9581
0.001834 0.9622
0.001806 0.9658
0.001731 0.9692
0.001721 0.9722
0.001685 0.9749
0.001639 0.9773
0.001635 0.9795
0.001632 0.9815
0.001589 0.9833
0.001523 0.9849
0.001563 0.9864
0.001542 0.9877
0.001522 0.9889
0.001449 0.9900
layer3.5.conv2
0.023856 0.0000
0.062102 0.4000
0.058374 0.4584
0.052133 0.5111
0.045783 0.5586
0.040116 0.6016
0.037047 0.6403
0.032955 0.6753
0.029558 0.7069
0.027571 0.7354
0.025855 0.7612
0.024118 0.7844
0.020250 0.8054
0.017878 0.8243
0.016160 0.8414
0.014731 0.8568
0.013202 0.8708
0.012187 0.8833
0.011335 0.8947
0.009962 0.9049
0.009277 0.9142
0.008310 0.9225
0.007694 0.9301
0.007032 0.9369
0.006692 0.9430
0.005918 0.9486
0.005447 0.9536
0.005106 0.9581
0.004759 0.9622
0.004425 0.9658
0.004260 0.9692
0.003933 0.9722
0.003612 0.9749
0.003477 0.9773
0.003224 0.9795
0.003073 0.9815
0.002957 0.9833
0.002801 0.9849
0.002738 0.9864
0.002717 0.9877
0.002636 0.9889
0.002395 0.9900
layer3.5.conv3
0.012421 0.0000
0.013145 0.4000
0.011958 0.4584
0.010289 0.5111
0.009412 0.5586
0.008750 0.6016
0.008206 0.6403
0.007429 0.6753
0.006838 0.7069
0.006480 0.7354
0.006079 0.7612
0.005794 0.7844
0.005156 0.8054
0.004986 0.8243
0.004343 0.8414
0.004048 0.8568
0.003869 0.8708
0.003538 0.8833
0.003310 0.8947
0.002985 0.9049
0.002862 0.9142
0.002627 0.9225
0.002391 0.9301
0.002230 0.9369
0.002137 0.9430
0.002054 0.9486
0.001964 0.9536
0.001884 0.9581
0.001811 0.9622
0.001717 0.9658
0.001722 0.9692
0.001660 0.9722
0.001604 0.9749
0.001605 0.9773
0.001648 0.9795
0.001598 0.9815
0.001564 0.9833
0.001569 0.9849
0.001515 0.9864
0.001571 0.9877
0.001524 0.9889
0.001505 0.9900
layer4.0.conv1
0.024660 0.0000
0.067187 0.4000
0.055604 0.4584
0.042815 0.5111
0.033112 0.5586
0.026925 0.6016
0.019820 0.6403
0.017604 0.6753
0.015320 0.7069
0.012266 0.7354
0.009728 0.7612
0.009134 0.7844
0.008555 0.8054
0.007454 0.8243
0.006934 0.8414
0.006482 0.8568
0.006008 0.8708
0.005605 0.8833
0.005314 0.8947
0.004886 0.9049
0.004665 0.9142
0.004381 0.9225
0.004088 0.9301
0.003784 0.9369
0.003628 0.9430
0.003459 0.9486
0.003328 0.9536
0.003143 0.9581
0.003091 0.9622
0.002981 0.9658
0.002849 0.9692
0.002811 0.9722
0.002716 0.9749
0.002632 0.9773
0.002665 0.9795
0.002567 0.9815
0.002500 0.9833
0.002440 0.9849
0.002441 0.9864
0.002413 0.9877
0.002395 0.9889
0.002350 0.9900
layer4.0.conv2
0.084399 0.0000
0.101639 0.4000
0.095622 0.4584
0.087503 0.5111
0.080799 0.5586
0.070489 0.6016
0.066504 0.6403
0.061120 0.6753
0.056386 0.7069
0.052028 0.7354
0.046697 0.7612
0.043051 0.7844
0.037436 0.8054
0.035123 0.8243
0.034011 0.8414
0.028942 0.8568
0.027619 0.8708
0.025816 0.8833
0.023494 0.8947
0.020575 0.9049
0.018949 0.9142
0.017200 0.9225
0.015354 0.9301
0.013590 0.9369
0.013115 0.9430
0.012232 0.9486
0.011513 0.9536
0.010343 0.9581
0.009535 0.9622
0.008947 0.9658
0.008610 0.9692
0.007360 0.9722
0.007284 0.9749
0.007005 0.9773
0.006433 0.9795
0.006043 0.9815
0.005560 0.9833
0.005178 0.9849
0.004958 0.9864
0.004770 0.9877
0.004562 0.9889
0.004686 0.9900
layer4.0.conv3
0.012718 0.0000
0.040789 0.4000
0.037755 0.4584
0.034717 0.5111
0.031426 0.5586
0.026913 0.6016
0.024685 0.6403
0.021670 0.6753
0.017802 0.7069
0.014429 0.7354
0.012305 0.7612
0.009256 0.7844
0.007066 0.8054
0.005827 0.8243
0.005364 0.8414
0.005103 0.8568
0.004654 0.8708
0.004429 0.8833
0.004026 0.8947
0.003800 0.9049
0.003527 0.9142
0.003323 0.9225
0.002902 0.9301
0.002739 0.9369
0.002661 0.9430
0.002318 0.9486
0.002230 0.9536
0.002107 0.9581
0.001859 0.9622
0.001702 0.9658
0.001653 0.9692
0.001485 0.9722
0.001374 0.9749
0.001331 0.9773
0.001309 0.9795
0.001253 0.9815
0.001160 0.9833
0.001149 0.9849
0.001088 0.9864
0.001077 0.9877
0.001020 0.9889
0.000985 0.9900
layer4.0.downsample.0
0.017378 0.0000
0.077882 0.4000
0.072954 0.4584
0.061123 0.5111
0.052821 0.5586
0.044115 0.6016
0.040471 0.6403
0.032721 0.6753
0.027700 0.7069
0.023655 0.7354
0.015830 0.7612
0.010253 0.7844
0.011081 0.8054
0.006922 0.8243
0.004548 0.8414
0.004157 0.8568
0.003629 0.8708
0.003406 0.8833
0.003141 0.8947
0.002960 0.9049
0.002760 0.9142
0.002609 0.9225
0.002425 0.9301
0.002174 0.9369
0.002089 0.9430
0.001992 0.9486
0.001833 0.9536
0.001739 0.9581
0.001632 0.9622
0.001536 0.9658
0.001498 0.9692
0.001511 0.9722
0.001341 0.9749
0.001285 0.9773
0.001260 0.9795
0.001192 0.9815
0.001113 0.9833
0.001047 0.9849
0.001028 0.9864
0.001027 0.9877
0.000942 0.9889
0.000969 0.9900
layer4.1.conv1
0.012337 0.0000
0.038522 0.4000
0.036486 0.4584
0.031678 0.5111
0.028802 0.5586
0.024816 0.6016
0.022550 0.6403
0.019830 0.6753
0.017317 0.7069
0.014589 0.7354
0.011585 0.7612
0.009119 0.7844
0.007733 0.8054
0.006463 0.8243
0.005031 0.8414
0.004640 0.8568
0.004073 0.8708
0.003837 0.8833
0.003525 0.8947
0.003233 0.9049
0.003063 0.9142
0.002898 0.9225
0.002598 0.9301
0.002435 0.9369
0.002257 0.9430
0.002072 0.9486
0.001917 0.9536
0.001856 0.9581
0.001670 0.9622
0.001568 0.9658
0.001512 0.9692
0.001417 0.9722
0.001345 0.9749
0.001281 0.9773
0.001272 0.9795
0.001164 0.9815
0.001100 0.9833
0.001087 0.9849
0.001008 0.9864
0.001015 0.9877
0.000939 0.9889
0.000874 0.9900
layer4.1.conv2
0.069256 0.0000
0.089267 0.4000
0.083716 0.4584
0.076632 0.5111
0.069698 0.5586
0.059402 0.6016
0.056772 0.6403
0.052124 0.6753
0.047509 0.7069
0.044017 0.7354
0.039014 0.7612
0.035292 0.7844
0.028885 0.8054
0.026075 0.8243
0.023559 0.8414
0.021372 0.8568
0.019310 0.8708
0.017868 0.8833
0.015848 0.8947
0.014078 0.9049
0.012999 0.9142
0.011654 0.9225
0.010618 0.9301
0.009558 0.9369
0.009007 0.9430
0.008071 0.9486
0.007269 0.9536
0.006727 0.9581
0.005992 0.9622
0.005381 0.9658
0.005076 0.9692
0.004920 0.9722
0.004211 0.9749
0.003976 0.9773
0.003763 0.9795
0.003512 0.9815
0.003223 0.9833
0.003021 0.9849
0.002770 0.9864
0.002872 0.9877
0.002567 0.9889
0.002530 0.9900
layer4.1.conv3
0.012877 0.0000
0.038939 0.4000
0.037331 0.4584
0.032984 0.5111
0.030036 0.5586
0.026078 0.6016
0.023413 0.6403
0.020605 0.6753
0.017263 0.7069
0.014447 0.7354
0.012217 0.7612
0.008799 0.7844
0.006992 0.8054
0.006242 0.8243
0.005390 0.8414
0.004952 0.8568
0.004626 0.8708
0.004338 0.8833
0.004057 0.8947
0.003705 0.9049
0.003541 0.9142
0.003310 0.9225
0.002981 0.9301
0.002729 0.9369
0.002587 0.9430
0.002418 0.9486
0.002252 0.9536
0.002220 0.9581
0.001929 0.9622
0.001787 0.9658
0.001719 0.9692
0.001569 0.9722
0.001462 0.9749
0.001404 0.9773
0.001402 0.9795
0.001305 0.9815
0.001224 0.9833
0.001161 0.9849
0.001149 0.9864
0.001081 0.9877
0.001098 0.9889
0.001065 0.9900
layer4.2.conv1
0.012555 0.0000
0.037986 0.4000
0.036298 0.4584
0.031564 0.5111
0.028654 0.5586
0.024417 0.6016
0.022714 0.6403
0.019631 0.6753
0.017035 0.7069
0.014526 0.7354
0.011584 0.7612
0.008924 0.7844
0.007025 0.8054
0.005858 0.8243
0.005016 0.8414
0.004620 0.8568
0.004251 0.8708
0.003914 0.8833
0.003637 0.8947
0.003315 0.9049
0.003162 0.9142
0.003008 0.9225
0.002752 0.9301
0.002585 0.9369
0.002390 0.9430
0.002230 0.9486
0.002107 0.9536
0.001984 0.9581
0.001822 0.9622
0.001723 0.9658
0.001633 0.9692
0.001547 0.9722
0.001446 0.9749
0.001416 0.9773
0.001368 0.9795
0.001311 0.9815
0.001216 0.9833
0.001159 0.9849
0.001060 0.9864
0.001075 0.9877
0.001020 0.9889
0.000932 0.9900
layer4.2.conv2
0.069163 0.0000
0.083731 0.4000
0.078359 0.4584
0.070357 0.5111
0.064728 0.5586
0.056389 0.6016
0.051980 0.6403
0.047139 0.6753
0.042906 0.7069
0.039564 0.7354
0.036287 0.7612
0.033740 0.7844
0.027589 0.8054
0.024805 0.8243
0.022307 0.8414
0.020562 0.8568
0.018364 0.8708
0.016702 0.8833
0.015361 0.8947
0.013436 0.9049
0.012360 0.9142
0.011303 0.9225
0.010028 0.9301
0.009235 0.9369
0.008310 0.9430
0.007599 0.9486
0.006870 0.9536
0.006177 0.9581
0.005669 0.9622
0.005026 0.9658
0.004590 0.9692
0.004227 0.9722
0.003936 0.9749
0.003601 0.9773
0.003408 0.9795
0.003173 0.9815
0.003011 0.9833
0.002777 0.9849
0.002637 0.9864
0.002526 0.9877
0.002383 0.9889
0.002290 0.9900
layer4.2.conv3
0.012886 0.0000
0.041364 0.4000
0.038793 0.4584
0.035024 0.5111
0.032461 0.5586
0.027177 0.6016
0.023928 0.6403
0.021129 0.6753
0.018205 0.7069
0.014481 0.7354
0.012813 0.7612
0.010209 0.7844
0.008263 0.8054
0.006954 0.8243
0.005496 0.8414
0.005216 0.8568
0.004863 0.8708
0.004615 0.8833
0.004172 0.8947
0.003915 0.9049
0.003664 0.9142
0.003499 0.9225
0.003093 0.9301
0.002855 0.9369
0.002778 0.9430
0.002578 0.9486
0.002424 0.9536
0.002326 0.9581
0.002048 0.9622
0.001927 0.9658
0.001794 0.9692
0.001609 0.9722
0.001499 0.9749
0.001394 0.9773
0.001370 0.9795
0.001325 0.9815
0.001247 0.9833
0.001217 0.9849
0.001191 0.9864
0.001138 0.9877
0.001104 0.9889
0.001073 0.9900
fc
0.000477 0.0000
0.001679 0.4000
0.001641 0.4584
0.001335 0.5111
0.001114 0.5586
0.001084 0.6016
0.001037 0.6403
0.000897 0.6753
0.000948 0.7069
0.000714 0.7354
0.000638 0.7612
0.000623 0.7844
0.000575 0.8054
0.000491 0.8243
0.000468 0.8414
0.000444 0.8568
0.000398 0.8708
0.000378 0.8833
0.000327 0.8947
0.000319 0.9049
0.000277 0.9142
0.000260 0.9225
0.000276 0.9301
0.000191 0.9369
0.000185 0.9430
0.000202 0.9486
0.000172 0.9536
0.000166 0.9581
0.000144 0.9622
0.000147 0.9658
0.000135 0.9692
0.000134 0.9722
0.000118 0.9749
0.000126 0.9773
0.000120 0.9795
0.000111 0.9815
0.000102 0.9833
0.000094 0.9849
0.000094 0.9864
0.000100 0.9877
0.000092 0.9889
0.000090 0.9900
