base
0.8150274900000001
prunable
0.8110662999999997
conv1
0.013890 0.0000
0.014603 0.4000
0.014519 0.4584
0.013498 0.5111
0.013617 0.5586
0.013677 0.6016
0.013688 0.6403
0.013664 0.6753
0.013746 0.7069
0.013039 0.7354
0.013362 0.7612
0.013635 0.7844
0.013227 0.8054
0.013278 0.8243
0.013374 0.8414
0.013232 0.8568
0.013190 0.8708
0.013260 0.8833
0.013479 0.8947
0.013362 0.9049
0.013586 0.9142
0.013452 0.9225
0.013279 0.9301
0.013250 0.9369
0.013244 0.9430
0.014008 0.9486
0.014051 0.9536
0.013401 0.9581
0.013428 0.9622
0.013324 0.9658
0.013369 0.9692
0.013405 0.9722
0.013397 0.9749
0.013396 0.9773
0.013441 0.9795
0.013437 0.9815
0.013442 0.9833
0.013444 0.9849
0.013502 0.9864
0.013579 0.9877
0.013596 0.9889
0.013661 0.9900
layer1.0.conv1
0.002262 0.0000
0.001903 0.4000
0.001890 0.4584
0.001919 0.5111
0.001966 0.5586
0.001984 0.6016
0.001938 0.6403
0.001953 0.6753
0.001883 0.7069
0.001876 0.7354
0.001883 0.7612
0.001923 0.7844
0.001900 0.8054
0.001940 0.8243
0.001883 0.8414
0.001868 0.8568
0.001838 0.8708
0.001819 0.8833
0.001839 0.8947
0.001849 0.9049
0.001762 0.9142
0.001762 0.9225
0.001761 0.9301
0.001702 0.9369
0.001685 0.9430
0.001690 0.9486
0.001658 0.9536
0.001652 0.9581
0.001650 0.9622
0.001624 0.9658
0.001645 0.9692
0.003436 0.9722
0.003384 0.9749
0.003399 0.9773
0.003398 0.9795
0.003386 0.9815
0.003375 0.9833
0.003392 0.9849
0.003384 0.9864
0.003369 0.9877
0.003370 0.9889
0.003358 0.9900
layer1.0.conv2
0.005832 0.0000
0.010272 0.4000
0.009567 0.4584
0.008831 0.5111
0.008378 0.5586
0.007720 0.6016
0.007168 0.6403
0.006903 0.6753
0.006280 0.7069
0.005883 0.7354
0.005671 0.7612
0.005490 0.7844
0.005028 0.8054
0.004781 0.8243
0.004478 0.8414
0.004214 0.8568
0.004037 0.8708
0.003813 0.8833
0.003665 0.8947
0.003480 0.9049
0.003283 0.9142
0.003157 0.9225
0.002993 0.9301
0.002973 0.9369
0.002843 0.9430
0.002727 0.9486
0.002613 0.9536
0.002517 0.9581
0.002473 0.9622
0.002419 0.9658
0.002383 0.9692
0.002430 0.9722
0.002393 0.9749
0.002362 0.9773
0.002366 0.9795
0.002309 0.9815
0.002328 0.9833
0.002259 0.9849
0.002279 0.9864
0.002249 0.9877
0.002259 0.9889
0.002223 0.9900
layer1.0.conv3
0.009280 0.0000
0.005012 0.4000
0.004880 0.4584
0.004875 0.5111
0.004853 0.5586
0.004887 0.6016
0.004881 0.6403
0.004832 0.6753
0.004820 0.7069
0.004823 0.7354
0.004867 0.7612
0.004836 0.7844
0.004836 0.8054
0.004821 0.8243
0.004833 0.8414
0.004839 0.8568
0.004852 0.8708
0.004868 0.8833
0.004844 0.8947
0.004833 0.9049
0.004832 0.9142
0.004828 0.9225
0.004886 0.9301
0.004827 0.9369
0.004879 0.9430
0.004880 0.9486
0.004862 0.9536
0.004866 0.9581
0.004860 0.9622
0.004875 0.9658
0.004883 0.9692
0.004821 0.9722
0.004832 0.9749
0.004803 0.9773
0.005751 0.9795
0.005722 0.9815
0.005648 0.9833
0.005678 0.9849
0.005633 0.9864
0.005614 0.9877
0.005596 0.9889
0.005597 0.9900
layer1.0.downsample.0
0.008062 0.0000
0.006182 0.4000
0.006177 0.4584
0.006182 0.5111
0.006186 0.5586
0.006163 0.6016
0.006178 0.6403
0.006196 0.6753
0.006174 0.7069
0.006176 0.7354
0.006194 0.7612
0.006342 0.7844
0.006213 0.8054
0.006221 0.8243
0.006184 0.8414
0.006213 0.8568
0.006198 0.8708
0.006190 0.8833
0.006178 0.8947
0.006200 0.9049
0.006203 0.9142
0.006221 0.9225
0.006195 0.9301
0.006218 0.9369
0.006186 0.9430
0.006201 0.9486
0.006206 0.9536
0.006181 0.9581
0.006198 0.9622
0.006206 0.9658
0.006178 0.9692
0.006169 0.9722
0.006166 0.9749
0.006168 0.9773
0.005751 0.9795
0.005722 0.9815
0.005648 0.9833
0.005678 0.9849
0.005633 0.9864
0.005614 0.9877
0.005596 0.9889
0.005597 0.9900
layer1.1.conv1
0.006242 0.0000
0.005522 0.4000
0.005265 0.4584
0.005040 0.5111
0.004787 0.5586
0.004596 0.6016
0.004451 0.6403
0.004328 0.6753
0.004262 0.7069
0.004223 0.7354
0.004238 0.7612
0.004347 0.7844
0.004353 0.8054
0.004467 0.8243
0.004503 0.8414
0.004426 0.8568
0.004343 0.8708
0.004391 0.8833
0.004310 0.8947
0.004310 0.9049
0.004280 0.9142
0.004102 0.9225
0.004057 0.9301
0.003931 0.9369
0.003787 0.9430
0.003710 0.9486
0.003663 0.9536
0.003551 0.9581
0.003474 0.9622
0.003356 0.9658
0.003261 0.9692
0.003158 0.9722
0.003063 0.9749
0.003042 0.9773
0.003151 0.9795
0.003216 0.9815
0.003040 0.9833
0.002901 0.9849
0.002849 0.9864
0.002850 0.9877
0.002765 0.9889
0.002700 0.9900
layer1.1.conv2
0.005976 0.0000
0.010299 0.4000
0.009490 0.4584
0.008732 0.5111
0.008059 0.5586
0.007478 0.6016
0.006922 0.6403
0.006436 0.6753
0.005965 0.7069
0.005504 0.7354
0.005244 0.7612
0.005071 0.7844
0.004646 0.8054
0.004430 0.8243
0.004171 0.8414
0.003924 0.8568
0.003745 0.8708
0.003651 0.8833
0.003417 0.8947
0.003249 0.9049
0.003085 0.9142
0.002978 0.9225
0.002902 0.9301
0.002844 0.9369
0.002720 0.9430
0.002629 0.9486
0.002555 0.9536
0.002454 0.9581
0.002398 0.9622
0.002334 0.9658
0.002290 0.9692
0.002242 0.9722
0.002210 0.9749
0.002155 0.9773
0.002134 0.9795
0.002100 0.9815
0.002075 0.9833
0.002066 0.9849
0.002024 0.9864
0.002006 0.9877
0.002010 0.9889
0.002016 0.9900
layer1.1.conv3
0.007968 0.0000
0.006262 0.4000
0.006236 0.4584
0.006254 0.5111
0.006216 0.5586
0.006262 0.6016
0.006286 0.6403
0.006280 0.6753
0.006249 0.7069
0.006243 0.7354
0.006237 0.7612
0.006335 0.7844
0.006286 0.8054
0.006293 0.8243
0.006251 0.8414
0.006274 0.8568
0.006266 0.8708
0.006278 0.8833
0.006223 0.8947
0.006249 0.9049
0.006212 0.9142
0.006228 0.9225
0.006225 0.9301
0.006226 0.9369
0.006262 0.9430
0.006224 0.9486
0.006250 0.9536
0.006193 0.9581
0.006214 0.9622
0.006186 0.9658
0.006202 0.9692
0.006148 0.9722
0.006155 0.9749
0.006162 0.9773
0.006168 0.9795
0.006175 0.9815
0.006158 0.9833
0.006229 0.9849
0.006173 0.9864
0.006140 0.9877
0.006118 0.9889
0.006150 0.9900
layer1.2.conv1
0.006276 0.0000
0.005226 0.4000
0.004961 0.4584
0.004830 0.5111
0.004691 0.5586
0.004525 0.6016
0.004560 0.6403
0.004538 0.6753
0.004527 0.7069
0.004547 0.7354
0.004489 0.7612
0.004644 0.7844
0.004508 0.8054
0.004403 0.8243
0.004372 0.8414
0.004344 0.8568
0.004340 0.8708
0.004271 0.8833
0.004292 0.8947
0.004194 0.9049
0.004109 0.9142
0.004090 0.9225
0.004005 0.9301
0.003976 0.9369
0.003922 0.9430
0.003853 0.9486
0.003743 0.9536
0.003702 0.9581
0.003604 0.9622
0.003509 0.9658
0.003422 0.9692
0.003370 0.9722
0.003233 0.9749
0.003074 0.9773
0.003056 0.9795
0.002984 0.9815
0.002910 0.9833
0.002842 0.9849
0.002837 0.9864
0.002722 0.9877
0.002635 0.9889
0.002571 0.9900
layer1.2.conv2
0.005889 0.0000
0.010338 0.4000
0.009554 0.4584
0.008825 0.5111
0.008059 0.5586
0.007543 0.6016
0.007021 0.6403
0.006509 0.6753
0.006074 0.7069
0.005652 0.7354
0.005417 0.7612
0.005291 0.7844
0.004783 0.8054
0.004593 0.8243
0.004287 0.8414
0.004050 0.8568
0.003899 0.8708
0.003710 0.8833
0.003540 0.8947
0.003382 0.9049
0.003300 0.9142
0.003151 0.9225
0.003052 0.9301
0.002938 0.9369
0.002814 0.9430
0.002749 0.9486
0.002656 0.9536
0.002557 0.9581
0.002533 0.9622
0.002456 0.9658
0.002393 0.9692
0.002331 0.9722
0.002298 0.9749
0.002274 0.9773
0.002245 0.9795
0.002193 0.9815
0.002169 0.9833
0.002168 0.9849
0.002128 0.9864
0.002088 0.9877
0.002057 0.9889
0.002045 0.9900
layer1.2.conv3
0.007967 0.0000
0.006305 0.4000
0.006284 0.4584
0.006306 0.5111
0.006243 0.5586
0.006261 0.6016
0.006262 0.6403
0.006208 0.6753
0.006202 0.7069
0.006186 0.7354
0.006207 0.7612
0.006332 0.7844
0.006259 0.8054
0.006288 0.8243
0.006242 0.8414
0.006239 0.8568
0.006244 0.8708
0.006260 0.8833
0.006226 0.8947
0.006259 0.9049
0.006202 0.9142
0.006251 0.9225
0.006271 0.9301
0.006238 0.9369
0.006281 0.9430
0.006256 0.9486
0.006273 0.9536
0.006242 0.9581
0.006295 0.9622
0.006274 0.9658
0.006294 0.9692
0.006261 0.9722
0.006297 0.9749
0.006300 0.9773
0.006318 0.9795
0.006332 0.9815
0.006325 0.9833
0.006325 0.9849
0.006326 0.9864
0.006316 0.9877
0.006317 0.9889
0.006319 0.9900
layer2.0.conv1
0.012641 0.0000
0.010982 0.4000
0.009942 0.4584
0.009189 0.5111
0.008534 0.5586
0.007994 0.6016
0.007617 0.6403
0.007154 0.6753
0.007004 0.7069
0.006610 0.7354
0.006627 0.7612
0.006512 0.7844
0.006381 0.8054
0.006159 0.8243
0.005933 0.8414
0.005556 0.8568
0.005415 0.8708
0.005190 0.8833
0.004983 0.8947
0.004927 0.9049
0.004793 0.9142
0.004780 0.9225
0.004633 0.9301
0.004585 0.9369
0.004439 0.9430
0.004282 0.9486
0.004189 0.9536
0.004095 0.9581
0.003957 0.9622
0.003841 0.9658
0.003726 0.9692
0.003704 0.9722
0.003495 0.9749
0.003403 0.9773
0.003350 0.9795
0.003300 0.9815
0.003181 0.9833
0.003099 0.9849
0.003012 0.9864
0.003001 0.9877
0.002884 0.9889
0.002796 0.9900
layer2.0.conv2
0.015163 0.0000
0.011525 0.4000
0.010782 0.4584
0.010095 0.5111
0.009281 0.5586
0.008690 0.6016
0.008029 0.6403
0.007590 0.6753
0.006991 0.7069
0.006487 0.7354
0.006174 0.7612
0.006020 0.7844
0.005518 0.8054
0.005237 0.8243
0.005029 0.8414
0.004758 0.8568
0.004454 0.8708
0.004282 0.8833
0.004137 0.8947
0.003895 0.9049
0.003761 0.9142
0.003624 0.9225
0.003492 0.9301
0.003440 0.9369
0.003338 0.9430
0.003201 0.9486
0.003137 0.9536
0.002994 0.9581
0.002944 0.9622
0.002863 0.9658
0.002755 0.9692
0.002715 0.9722
0.002599 0.9749
0.002520 0.9773
0.002433 0.9795
0.002344 0.9815
0.002297 0.9833
0.002222 0.9849
0.002154 0.9864
0.002102 0.9877
0.002044 0.9889
0.002028 0.9900
layer2.0.conv3
0.006461 0.0000
0.005414 0.4000
0.005118 0.4584
0.004775 0.5111
0.004377 0.5586
0.004030 0.6016
0.003696 0.6403
0.003396 0.6753
0.003176 0.7069
0.002940 0.7354
0.002783 0.7612
0.002632 0.7844
0.002471 0.8054
0.002442 0.8243
0.002420 0.8414
0.002403 0.8568
0.002411 0.8708
0.002385 0.8833
0.002370 0.8947
0.002375 0.9049
0.002351 0.9142
0.002350 0.9225
0.002357 0.9301
0.002352 0.9369
0.002337 0.9430
0.002352 0.9486
0.002336 0.9536
0.002335 0.9581
0.002334 0.9622
0.002326 0.9658
0.002336 0.9692
0.002330 0.9722
0.002324 0.9749
0.002314 0.9773
0.002310 0.9795
0.002319 0.9815
0.002325 0.9833
0.002311 0.9849
0.002314 0.9864
0.002310 0.9877
0.002308 0.9889
0.003084 0.9900
layer2.0.downsample.0
0.015039 0.0000
0.010635 0.4000
0.009862 0.4584
0.009169 0.5111
0.008530 0.5586
0.008262 0.6016
0.007726 0.6403
0.007291 0.6753
0.006954 0.7069
0.006521 0.7354
0.006318 0.7612
0.005983 0.7844
0.005458 0.8054
0.005103 0.8243
0.004723 0.8414
0.004875 0.8568
0.004091 0.8708
0.004155 0.8833
0.003892 0.8947
0.003784 0.9049
0.003688 0.9142
0.003647 0.9225
0.003630 0.9301
0.003611 0.9369
0.003591 0.9430
0.003591 0.9486
0.003560 0.9536
0.003581 0.9581
0.003539 0.9622
0.003526 0.9658
0.003529 0.9692
0.003506 0.9722
0.003506 0.9749
0.003504 0.9773
0.003496 0.9795
0.003481 0.9815
0.003496 0.9833
0.003471 0.9849
0.003462 0.9864
0.003453 0.9877
0.003448 0.9889
0.003084 0.9900
layer2.1.conv1
0.006407 0.0000
0.005218 0.4000
0.004851 0.4584
0.004522 0.5111
0.004195 0.5586
0.003953 0.6016
0.003710 0.6403
0.003468 0.6753
0.003251 0.7069
0.003068 0.7354
0.002984 0.7612
0.002937 0.7844
0.002748 0.8054
0.002658 0.8243
0.002601 0.8414
0.002534 0.8568
0.002500 0.8708
0.002434 0.8833
0.002399 0.8947
0.002376 0.9049
0.002376 0.9142
0.002335 0.9225
0.002298 0.9301
0.002238 0.9369
0.002232 0.9430
0.002179 0.9486
0.002134 0.9536
0.002073 0.9581
0.002046 0.9622
0.001990 0.9658
0.001939 0.9692
0.001891 0.9722
0.001873 0.9749
0.001795 0.9773
0.001740 0.9795
0.001689 0.9815
0.001604 0.9833
0.001533 0.9849
0.001510 0.9864
0.001434 0.9877
0.001394 0.9889
0.001199 0.9900
layer2.1.conv2
0.006035 0.0000
0.010788 0.4000
0.009872 0.4584
0.009066 0.5111
0.008271 0.5586
0.007887 0.6016
0.007139 0.6403
0.006645 0.6753
0.006152 0.7069
0.005667 0.7354
0.005384 0.7612
0.005089 0.7844
0.004629 0.8054
0.004324 0.8243
0.004020 0.8414
0.003712 0.8568
0.003495 0.8708
0.003255 0.8833
0.003037 0.8947
0.002923 0.9049
0.002753 0.9142
0.002643 0.9225
0.002584 0.9301
0.002440 0.9369
0.002353 0.9430
0.002242 0.9486
0.002124 0.9536
0.002007 0.9581
0.001950 0.9622
0.001918 0.9658
0.001809 0.9692
0.001754 0.9722
0.001666 0.9749
0.001595 0.9773
0.001500 0.9795
0.001466 0.9815
0.001379 0.9833
0.001305 0.9849
0.001237 0.9864
0.001209 0.9877
0.001145 0.9889
0.001070 0.9900
layer2.1.conv3
0.006329 0.0000
0.006022 0.4000
0.005759 0.4584
0.005492 0.5111
0.005180 0.5586
0.004908 0.6016
0.004487 0.6403
0.004163 0.6753
0.003819 0.7069
0.003497 0.7354
0.003333 0.7612
0.003210 0.7844
0.003009 0.8054
0.003018 0.8243
0.002952 0.8414
0.002887 0.8568
0.002842 0.8708
0.002883 0.8833
0.002849 0.8947
0.002888 0.9049
0.002870 0.9142
0.002865 0.9225
0.002933 0.9301
0.002810 0.9369
0.002844 0.9430
0.002824 0.9486
0.002876 0.9536
0.002800 0.9581
0.002819 0.9622
0.002809 0.9658
0.002807 0.9692
0.002825 0.9722
0.002830 0.9749
0.002769 0.9773
0.002757 0.9795
0.002763 0.9815
0.002830 0.9833
0.002776 0.9849
0.002750 0.9864
0.002763 0.9877
0.002763 0.9889
0.002769 0.9900
layer2.2.conv1
0.006346 0.0000
0.005650 0.4000
0.005060 0.4584
0.004725 0.5111
0.004249 0.5586
0.004044 0.6016
0.003878 0.6403
0.003495 0.6753
0.003316 0.7069
0.003188 0.7354
0.003054 0.7612
0.003109 0.7844
0.002908 0.8054
0.002763 0.8243
0.002716 0.8414
0.002735 0.8568
0.002751 0.8708
0.002713 0.8833
0.002761 0.8947
0.002655 0.9049
0.002600 0.9142
0.002607 0.9225
0.002510 0.9301
0.002483 0.9369
0.002426 0.9430
0.002321 0.9486
0.002250 0.9536
0.002195 0.9581
0.002137 0.9622
0.002053 0.9658
0.001983 0.9692
0.001848 0.9722
0.001758 0.9749
0.001680 0.9773
0.001626 0.9795
0.001549 0.9815
0.001467 0.9833
0.001402 0.9849
0.001309 0.9864
0.001206 0.9877
0.001138 0.9889
0.001092 0.9900
layer2.2.conv2
0.006209 0.0000
0.010498 0.4000
0.009626 0.4584
0.008861 0.5111
0.008068 0.5586
0.007440 0.6016
0.006840 0.6403
0.006366 0.6753
0.005981 0.7069
0.005430 0.7354
0.005110 0.7612
0.004852 0.7844
0.004425 0.8054
0.004111 0.8243
0.003947 0.8414
0.003661 0.8568
0.003484 0.8708
0.003289 0.8833
0.003097 0.8947
0.002973 0.9049
0.002854 0.9142
0.002698 0.9225
0.002620 0.9301
0.002473 0.9369
0.002364 0.9430
0.002238 0.9486
0.002135 0.9536
0.002013 0.9581
0.001946 0.9622
0.001901 0.9658
0.001845 0.9692
0.001751 0.9722
0.001628 0.9749
0.001588 0.9773
0.001488 0.9795
0.001480 0.9815
0.001391 0.9833
0.001327 0.9849
0.001258 0.9864
0.001215 0.9877
0.001163 0.9889
0.001088 0.9900
layer2.2.conv3
0.006392 0.0000
0.005957 0.4000
0.005469 0.4584
0.005064 0.5111
0.004763 0.5586
0.004507 0.6016
0.004140 0.6403
0.003777 0.6753
0.003538 0.7069
0.003258 0.7354
0.003143 0.7612
0.003096 0.7844
0.002984 0.8054
0.003024 0.8243
0.002939 0.8414
0.002909 0.8568
0.002843 0.8708
0.002877 0.8833
0.002843 0.8947
0.002874 0.9049
0.002865 0.9142
0.002855 0.9225
0.002957 0.9301
0.002828 0.9369
0.002862 0.9430
0.002804 0.9486
0.002863 0.9536
0.002801 0.9581
0.002816 0.9622
0.002790 0.9658
0.002782 0.9692
0.002801 0.9722
0.002792 0.9749
0.002761 0.9773
0.002768 0.9795
0.002772 0.9815
0.002819 0.9833
0.002775 0.9849
0.002756 0.9864
0.002766 0.9877
0.002789 0.9889
0.002764 0.9900
layer2.3.conv1
0.006319 0.0000
0.005285 0.4000
0.005191 0.4584
0.004560 0.5111
0.004219 0.5586
0.004006 0.6016
0.003769 0.6403
0.003563 0.6753
0.003399 0.7069
0.003262 0.7354
0.003216 0.7612
0.003179 0.7844
0.003204 0.8054
0.002934 0.8243
0.002903 0.8414
0.002782 0.8568
0.002762 0.8708
0.002738 0.8833
0.002716 0.8947
0.002618 0.9049
0.002561 0.9142
0.002481 0.9225
0.002409 0.9301
0.002378 0.9369
0.002295 0.9430
0.002222 0.9486
0.002128 0.9536
0.002112 0.9581
0.002021 0.9622
0.001957 0.9658
0.001917 0.9692
0.001808 0.9722
0.001725 0.9749
0.001670 0.9773
0.001636 0.9795
0.001592 0.9815
0.001480 0.9833
0.001515 0.9849
0.001479 0.9864
0.001401 0.9877
0.001353 0.9889
0.001320 0.9900
layer2.3.conv2
0.006159 0.0000
0.010378 0.4000
0.009598 0.4584
0.008858 0.5111
0.008039 0.5586
0.007373 0.6016
0.006811 0.6403
0.006281 0.6753
0.005881 0.7069
0.005450 0.7354
0.005141 0.7612
0.004876 0.7844
0.004556 0.8054
0.004148 0.8243
0.003961 0.8414
0.003754 0.8568
0.003464 0.8708
0.003303 0.8833
0.003096 0.8947
0.002940 0.9049
0.002781 0.9142
0.002624 0.9225
0.002555 0.9301
0.002406 0.9369
0.002270 0.9430
0.002212 0.9486
0.002116 0.9536
0.001988 0.9581
0.001924 0.9622
0.001865 0.9658
0.001803 0.9692
0.001749 0.9722
0.001625 0.9749
0.001568 0.9773
0.001497 0.9795
0.001494 0.9815
0.001399 0.9833
0.001342 0.9849
0.001265 0.9864
0.001256 0.9877
0.001196 0.9889
0.001129 0.9900
layer2.3.conv3
0.006202 0.0000
0.005876 0.4000
0.005481 0.4584
0.005144 0.5111
0.004762 0.5586
0.004464 0.6016
0.004137 0.6403
0.003788 0.6753
0.003561 0.7069
0.003308 0.7354
0.003140 0.7612
0.003081 0.7844
0.002996 0.8054
0.003013 0.8243
0.002927 0.8414
0.002889 0.8568
0.002857 0.8708
0.002877 0.8833
0.002858 0.8947
0.002896 0.9049
0.002877 0.9142
0.002862 0.9225
0.002944 0.9301
0.002820 0.9369
0.002850 0.9430
0.002848 0.9486
0.002882 0.9536
0.002803 0.9581
0.002818 0.9622
0.002819 0.9658
0.002783 0.9692
0.002789 0.9722
0.002837 0.9749
0.002781 0.9773
0.002751 0.9795
0.002766 0.9815
0.002814 0.9833
0.002769 0.9849
0.002737 0.9864
0.002771 0.9877
0.002778 0.9889
0.002772 0.9900
layer3.0.conv1
0.012162 0.0000
0.010169 0.4000
0.009342 0.4584
0.008659 0.5111
0.007958 0.5586
0.007457 0.6016
0.007122 0.6403
0.006591 0.6753
0.006140 0.7069
0.005803 0.7354
0.005490 0.7612
0.005332 0.7844
0.004886 0.8054
0.004606 0.8243
0.004414 0.8414
0.004268 0.8568
0.004088 0.8708
0.003994 0.8833
0.003889 0.8947
0.003730 0.9049
0.003658 0.9142
0.003555 0.9225
0.003469 0.9301
0.003338 0.9369
0.003294 0.9430
0.003221 0.9486
0.003205 0.9536
0.003098 0.9581
0.003052 0.9622
0.003014 0.9658
0.002995 0.9692
0.002942 0.9722
0.002915 0.9749
0.002881 0.9773
0.002872 0.9795
0.002831 0.9815
0.002760 0.9833
0.002730 0.9849
0.002723 0.9864
0.002663 0.9877
0.002667 0.9889
0.002590 0.9900
layer3.0.conv2
0.014830 0.0000
0.016227 0.4000
0.014127 0.4584
0.012629 0.5111
0.010980 0.5586
0.009148 0.6016
0.008395 0.6403
0.007629 0.6753
0.007166 0.7069
0.006534 0.7354
0.006078 0.7612
0.005566 0.7844
0.004989 0.8054
0.004608 0.8243
0.004427 0.8414
0.004069 0.8568
0.003823 0.8708
0.003582 0.8833
0.003406 0.8947
0.003247 0.9049
0.003112 0.9142
0.002936 0.9225
0.002813 0.9301
0.002704 0.9369
0.002591 0.9430
0.002507 0.9486
0.002419 0.9536
0.002321 0.9581
0.002261 0.9622
0.002187 0.9658
0.002139 0.9692
0.002064 0.9722
0.001989 0.9749
0.001914 0.9773
0.001868 0.9795
0.001778 0.9815
0.001721 0.9833
0.001673 0.9849
0.001622 0.9864
0.001547 0.9877
0.001491 0.9889
0.001434 0.9900
layer3.0.conv3
0.006160 0.0000
0.005661 0.4000
0.005184 0.4584
0.004800 0.5111
0.004388 0.5586
0.004192 0.6016
0.003822 0.6403
0.003546 0.6753
0.003395 0.7069
0.003066 0.7354
0.002834 0.7612
0.002730 0.7844
0.002333 0.8054
0.002134 0.8243
0.001965 0.8414
0.001788 0.8568
0.001711 0.8708
0.001528 0.8833
0.001404 0.8947
0.001284 0.9049
0.001270 0.9142
0.001185 0.9225
0.001068 0.9301
0.001026 0.9369
0.000934 0.9430
0.000873 0.9486
0.000861 0.9536
0.000809 0.9581
0.000789 0.9622
0.000765 0.9658
0.000748 0.9692
0.000698 0.9722
0.000692 0.9749
0.000701 0.9773
0.000647 0.9795
0.000616 0.9815
0.000636 0.9833
0.000597 0.9849
0.000559 0.9864
0.000587 0.9877
0.000523 0.9889
0.000523 0.9900
layer3.0.downsample.0
0.014725 0.0000
0.012847 0.4000
0.011002 0.4584
0.010047 0.5111
0.009355 0.5586
0.008399 0.6016
0.007657 0.6403
0.007236 0.6753
0.006724 0.7069
0.006079 0.7354
0.005721 0.7612
0.005406 0.7844
0.005015 0.8054
0.004609 0.8243
0.004220 0.8414
0.003914 0.8568
0.003850 0.8708
0.003419 0.8833
0.003182 0.8947
0.003121 0.9049
0.002835 0.9142
0.002588 0.9225
0.002435 0.9301
0.002313 0.9369
0.002162 0.9430
0.002053 0.9486
0.002074 0.9536
0.001907 0.9581
0.001770 0.9622
0.001741 0.9658
0.001672 0.9692
0.001618 0.9722
0.001604 0.9749
0.001596 0.9773
0.001520 0.9795
0.001447 0.9815
0.001424 0.9833
0.001390 0.9849
0.001378 0.9864
0.001393 0.9877
0.001365 0.9889
0.001308 0.9900
layer3.1.conv1
0.006281 0.0000
0.005313 0.4000
0.004886 0.4584
0.004580 0.5111
0.004223 0.5586
0.003951 0.6016
0.003668 0.6403
0.003455 0.6753
0.003213 0.7069
0.002985 0.7354
0.002842 0.7612
0.002731 0.7844
0.002535 0.8054
0.002326 0.8243
0.002191 0.8414
0.002044 0.8568
0.001960 0.8708
0.001855 0.8833
0.001755 0.8947
0.001677 0.9049
0.001571 0.9142
0.001514 0.9225
0.001533 0.9301
0.001374 0.9369
0.001362 0.9430
0.001313 0.9486
0.001250 0.9536
0.001220 0.9581
0.001162 0.9622
0.001104 0.9658
0.001079 0.9692
0.000994 0.9722
0.000985 0.9749
0.000960 0.9773
0.000887 0.9795
0.000855 0.9815
0.000836 0.9833
0.000773 0.9849
0.000735 0.9864
0.000713 0.9877
0.000688 0.9889
0.000657 0.9900
layer3.1.conv2
0.008915 0.0000
0.012479 0.4000
0.010920 0.4584
0.009877 0.5111
0.008930 0.5586
0.007958 0.6016
0.007138 0.6403
0.006562 0.6753
0.006112 0.7069
0.005419 0.7354
0.005089 0.7612
0.004807 0.7844
0.004413 0.8054
0.004063 0.8243
0.003674 0.8414
0.003433 0.8568
0.003163 0.8708
0.002928 0.8833
0.002644 0.8947
0.002451 0.9049
0.002246 0.9142
0.002167 0.9225
0.001942 0.9301
0.001809 0.9369
0.001741 0.9430
0.001590 0.9486
0.001494 0.9536
0.001405 0.9581
0.001304 0.9622
0.001263 0.9658
0.001223 0.9692
0.001132 0.9722
0.001082 0.9749
0.001008 0.9773
0.000963 0.9795
0.000889 0.9815
0.000874 0.9833
0.000838 0.9849
0.000797 0.9864
0.000763 0.9877
0.000722 0.9889
0.000682 0.9900
layer3.1.conv3
0.006061 0.0000
0.006150 0.4000
0.005716 0.4584
0.005371 0.5111
0.004948 0.5586
0.004742 0.6016
0.004356 0.6403
0.004092 0.6753
0.003817 0.7069
0.003539 0.7354
0.003308 0.7612
0.003146 0.7844
0.002764 0.8054
0.002565 0.8243
0.002428 0.8414
0.002198 0.8568
0.002055 0.8708
0.001899 0.8833
0.001822 0.8947
0.001609 0.9049
0.001477 0.9142
0.001402 0.9225
0.001293 0.9301
0.001234 0.9369
0.001184 0.9430
0.001185 0.9486
0.001094 0.9536
0.001032 0.9581
0.001015 0.9622
0.001020 0.9658
0.000972 0.9692
0.000950 0.9722
0.000947 0.9749
0.000928 0.9773
0.000936 0.9795
0.000893 0.9815
0.000892 0.9833
0.000886 0.9849
0.000855 0.9864
0.000846 0.9877
0.000836 0.9889
0.000829 0.9900
layer3.2.conv1
0.006454 0.0000
0.005482 0.4000
0.005102 0.4584
0.004753 0.5111
0.004266 0.5586
0.004091 0.6016
0.003806 0.6403
0.003538 0.6753
0.003321 0.7069
0.003086 0.7354
0.002952 0.7612
0.002825 0.7844
0.002591 0.8054
0.002434 0.8243
0.002298 0.8414
0.002185 0.8568
0.002022 0.8708
0.001941 0.8833
0.001811 0.8947
0.001720 0.9049
0.001574 0.9142
0.001524 0.9225
0.001459 0.9301
0.001339 0.9369
0.001338 0.9430
0.001258 0.9486
0.001247 0.9536
0.001146 0.9581
0.001143 0.9622
0.001058 0.9658
0.001032 0.9692
0.000974 0.9722
0.000940 0.9749
0.000925 0.9773
0.000906 0.9795
0.000845 0.9815
0.000831 0.9833
0.000770 0.9849
0.000736 0.9864
0.000687 0.9877
0.000646 0.9889
0.000620 0.9900
layer3.2.conv2
0.008806 0.0000
0.012600 0.4000
0.011073 0.4584
0.010268 0.5111
0.009025 0.5586
0.008001 0.6016
0.007131 0.6403
0.006813 0.6753
0.006074 0.7069
0.005545 0.7354
0.005174 0.7612
0.004823 0.7844
0.004460 0.8054
0.004004 0.8243
0.003821 0.8414
0.003535 0.8568
0.003266 0.8708
0.002959 0.8833
0.002667 0.8947
0.002514 0.9049
0.002311 0.9142
0.002083 0.9225
0.001978 0.9301
0.001814 0.9369
0.001749 0.9430
0.001575 0.9486
0.001518 0.9536
0.001396 0.9581
0.001351 0.9622
0.001285 0.9658
0.001227 0.9692
0.001163 0.9722
0.001094 0.9749
0.001061 0.9773
0.000994 0.9795
0.000931 0.9815
0.000905 0.9833
0.000876 0.9849
0.000835 0.9864
0.000768 0.9877
0.000727 0.9889
0.000700 0.9900
layer3.2.conv3
0.006087 0.0000
0.006099 0.4000
0.005831 0.4584
0.005304 0.5111
0.004876 0.5586
0.004604 0.6016
0.004250 0.6403
0.004011 0.6753
0.003753 0.7069
0.003437 0.7354
0.003437 0.7612
0.003084 0.7844
0.002667 0.8054
0.002450 0.8243
0.002284 0.8414
0.002136 0.8568
0.001963 0.8708
0.001876 0.8833
0.001687 0.8947
0.001594 0.9049
0.001502 0.9142
0.001333 0.9225
0.001270 0.9301
0.001198 0.9369
0.001146 0.9430
0.001095 0.9486
0.001077 0.9536
0.001011 0.9581
0.000987 0.9622
0.001014 0.9658
0.000970 0.9692
0.000922 0.9722
0.000913 0.9749
0.000907 0.9773
0.000889 0.9795
0.000862 0.9815
0.000878 0.9833
0.000866 0.9849
0.000814 0.9864
0.000836 0.9877
0.000798 0.9889
0.000795 0.9900
layer3.3.conv1
0.006318 0.0000
0.005479 0.4000
0.005075 0.4584
0.004644 0.5111
0.004340 0.5586
0.004051 0.6016
0.003777 0.6403
0.003482 0.6753
0.003247 0.7069
0.003052 0.7354
0.002916 0.7612
0.002766 0.7844
0.002553 0.8054
0.002370 0.8243
0.002219 0.8414
0.002130 0.8568
0.002054 0.8708
0.001875 0.8833
0.001802 0.8947
0.001690 0.9049
0.001551 0.9142
0.001531 0.9225
0.001449 0.9301
0.001349 0.9369
0.001323 0.9430
0.001248 0.9486
0.001261 0.9536
0.001132 0.9581
0.001125 0.9622
0.001054 0.9658
0.001037 0.9692
0.000957 0.9722
0.000922 0.9749
0.000910 0.9773
0.000876 0.9795
0.000827 0.9815
0.000784 0.9833
0.000723 0.9849
0.000682 0.9864
0.000630 0.9877
0.000597 0.9889
0.000571 0.9900
layer3.3.conv2
0.008829 0.0000
0.012511 0.4000
0.011024 0.4584
0.009915 0.5111
0.008834 0.5586
0.007647 0.6016
0.007270 0.6403
0.006528 0.6753
0.006001 0.7069
0.005411 0.7354
0.005050 0.7612
0.004692 0.7844
0.004262 0.8054
0.003955 0.8243
0.003655 0.8414
0.003372 0.8568
0.003123 0.8708
0.002840 0.8833
0.002648 0.8947
0.002421 0.9049
0.002252 0.9142
0.002078 0.9225
0.001928 0.9301
0.001823 0.9369
0.001685 0.9430
0.001534 0.9486
0.001505 0.9536
0.001366 0.9581
0.001314 0.9622
0.001236 0.9658
0.001193 0.9692
0.001125 0.9722
0.001063 0.9749
0.001015 0.9773
0.000959 0.9795
0.000896 0.9815
0.000863 0.9833
0.000822 0.9849
0.000793 0.9864
0.000743 0.9877
0.000686 0.9889
0.000648 0.9900
layer3.3.conv3
0.006067 0.0000
0.006144 0.4000
0.005712 0.4584
0.005476 0.5111
0.004950 0.5586
0.004695 0.6016
0.004394 0.6403
0.004124 0.6753
0.003816 0.7069
0.003527 0.7354
0.003313 0.7612
0.003140 0.7844
0.002775 0.8054
0.002588 0.8243
0.002387 0.8414
0.002210 0.8568
0.002045 0.8708
0.001916 0.8833
0.001894 0.8947
0.001622 0.9049
0.001513 0.9142
0.001426 0.9225
0.001334 0.9301
0.001240 0.9369
0.001165 0.9430
0.001119 0.9486
0.001103 0.9536
0.001045 0.9581
0.001006 0.9622
0.001008 0.9658
0.000986 0.9692
0.000937 0.9722
0.000924 0.9749
0.000906 0.9773
0.000891 0.9795
0.000853 0.9815
0.000874 0.9833
0.000856 0.9849
0.000815 0.9864
0.000816 0.9877
0.000795 0.9889
0.000792 0.9900
layer3.4.conv1
0.006452 0.0000
0.005415 0.4000
0.004986 0.4584
0.004631 0.5111
0.004207 0.5586
0.003988 0.6016
0.003711 0.6403
0.003466 0.6753
0.003188 0.7069
0.002956 0.7354
0.002786 0.7612
0.002692 0.7844
0.002485 0.8054
0.002300 0.8243
0.002188 0.8414
0.002043 0.8568
0.001912 0.8708
0.001857 0.8833
0.001771 0.8947
0.001661 0.9049
0.001552 0.9142
0.001527 0.9225
0.001433 0.9301
0.001348 0.9369
0.001313 0.9430
0.001251 0.9486
0.001245 0.9536
0.001152 0.9581
0.001141 0.9622
0.001077 0.9658
0.001051 0.9692
0.000998 0.9722
0.000966 0.9749
0.000964 0.9773
0.000919 0.9795
0.000854 0.9815
0.000848 0.9833
0.000777 0.9849
0.000741 0.9864
0.000700 0.9877
0.000671 0.9889
0.000617 0.9900
layer3.4.conv2
0.008714 0.0000
0.012541 0.4000
0.011395 0.4584
0.010072 0.5111
0.009324 0.5586
0.007907 0.6016
0.007408 0.6403
0.006622 0.6753
0.006011 0.7069
0.005415 0.7354
0.005123 0.7612
0.004705 0.7844
0.004247 0.8054
0.003934 0.8243
0.003642 0.8414
0.003353 0.8568
0.003159 0.8708
0.002820 0.8833
0.002675 0.8947
0.002513 0.9049
0.002256 0.9142
0.002064 0.9225
0.001928 0.9301
0.001777 0.9369
0.001677 0.9430
0.001530 0.9486
0.001482 0.9536
0.001354 0.9581
0.001301 0.9622
0.001244 0.9658
0.001170 0.9692
0.001104 0.9722
0.001064 0.9749
0.001017 0.9773
0.000958 0.9795
0.000885 0.9815
0.000856 0.9833
0.000801 0.9849
0.000766 0.9864
0.000744 0.9877
0.000700 0.9889
0.000648 0.9900
layer3.4.conv3
0.006029 0.0000
0.006099 0.4000
0.005693 0.4584
0.005297 0.5111
0.004918 0.5586
0.004706 0.6016
0.004305 0.6403
0.003971 0.6753
0.003854 0.7069
0.003407 0.7354
0.003196 0.7612
0.003035 0.7844
0.002646 0.8054
0.002478 0.8243
0.002298 0.8414
0.002112 0.8568
0.001961 0.8708
0.001837 0.8833
0.001702 0.8947
0.001567 0.9049
0.001454 0.9142
0.001349 0.9225
0.001316 0.9301
0.001214 0.9369
0.001159 0.9430
0.001102 0.9486
0.001064 0.9536
0.001035 0.9581
0.000971 0.9622
0.001007 0.9658
0.000996 0.9692
0.000925 0.9722
0.000917 0.9749
0.000923 0.9773
0.000897 0.9795
0.000863 0.9815
0.000873 0.9833
0.000870 0.9849
0.000828 0.9864
0.000835 0.9877
0.000804 0.9889
0.000801 0.9900
layer3.5.conv1
0.006319 0.0000
0.005352 0.4000
0.004952 0.4584
0.004606 0.5111
0.004363 0.5586
0.003965 0.6016
0.003620 0.6403
0.003397 0.6753
0.003215 0.7069
0.002994 0.7354
0.002820 0.7612
0.002741 0.7844
0.002521 0.8054
0.002332 0.8243
0.002194 0.8414
0.002090 0.8568
0.001956 0.8708
0.001971 0.8833
0.001783 0.8947
0.001703 0.9049
0.001570 0.9142
0.001521 0.9225
0.001439 0.9301
0.001329 0.9369
0.001311 0.9430
0.001235 0.9486
0.001244 0.9536
0.001135 0.9581
0.001109 0.9622
0.001057 0.9658
0.001020 0.9692
0.000947 0.9722
0.000907 0.9749
0.000870 0.9773
0.000829 0.9795
0.000769 0.9815
0.000740 0.9833
0.000684 0.9849
0.000644 0.9864
0.000608 0.9877
0.000577 0.9889
0.000547 0.9900
layer3.5.conv2
0.008881 0.0000
0.012714 0.4000
0.011256 0.4584
0.010236 0.5111
0.008686 0.5586
0.007766 0.6016
0.007067 0.6403
0.006468 0.6753
0.005758 0.7069
0.005260 0.7354
0.004859 0.7612
0.004682 0.7844
0.004137 0.8054
0.003851 0.8243
0.003573 0.8414
0.003298 0.8568
0.003032 0.8708
0.002806 0.8833
0.002627 0.8947
0.002395 0.9049
0.002283 0.9142
0.002091 0.9225
0.001920 0.9301
0.001781 0.9369
0.001669 0.9430
0.001550 0.9486
0.001499 0.9536
0.001387 0.9581
0.001316 0.9622
0.001260 0.9658
0.001209 0.9692
0.001121 0.9722
0.001067 0.9749
0.001025 0.9773
0.000988 0.9795
0.000911 0.9815
0.000872 0.9833
0.000831 0.9849
0.000765 0.9864
0.000769 0.9877
0.000713 0.9889
0.000651 0.9900
layer3.5.conv3
0.006098 0.0000
0.006099 0.4000
0.005650 0.4584
0.005293 0.5111
0.004848 0.5586
0.004548 0.6016
0.004200 0.6403
0.003886 0.6753
0.003634 0.7069
0.003330 0.7354
0.003154 0.7612
0.002990 0.7844
0.002644 0.8054
0.002444 0.8243
0.002265 0.8414
0.002120 0.8568
0.001947 0.8708
0.001829 0.8833
0.001691 0.8947
0.001621 0.9049
0.001437 0.9142
0.001346 0.9225
0.001268 0.9301
0.001183 0.9369
0.001119 0.9430
0.001090 0.9486
0.001069 0.9536
0.001038 0.9581
0.000978 0.9622
0.000990 0.9658
0.000952 0.9692
0.000927 0.9722
0.000901 0.9749
0.000905 0.9773
0.000882 0.9795
0.000858 0.9815
0.000853 0.9833
0.000856 0.9849
0.000814 0.9864
0.000827 0.9877
0.000791 0.9889
0.000809 0.9900
layer3.6.conv1
0.006471 0.0000
0.005346 0.4000
0.004935 0.4584
0.004547 0.5111
0.004168 0.5586
0.003891 0.6016
0.003721 0.6403
0.003352 0.6753
0.003090 0.7069
0.003039 0.7354
0.002752 0.7612
0.002661 0.7844
0.002428 0.8054
0.002267 0.8243
0.002173 0.8414
0.002029 0.8568
0.001910 0.8708
0.001839 0.8833
0.001746 0.8947
0.001649 0.9049
0.001527 0.9142
0.001493 0.9225
0.001455 0.9301
0.001357 0.9369
0.001318 0.9430
0.001263 0.9486
0.001236 0.9536
0.001152 0.9581
0.001100 0.9622
0.001042 0.9658
0.001037 0.9692
0.000983 0.9722
0.000911 0.9749
0.000918 0.9773
0.000861 0.9795
0.000803 0.9815
0.000802 0.9833
0.000713 0.9849
0.000683 0.9864
0.000636 0.9877
0.000616 0.9889
0.000574 0.9900
layer3.6.conv2
0.008674 0.0000
0.012475 0.4000
0.011114 0.4584
0.010134 0.5111
0.008880 0.5586
0.008000 0.6016
0.007188 0.6403
0.006365 0.6753
0.005821 0.7069
0.005282 0.7354
0.004845 0.7612
0.004573 0.7844
0.004101 0.8054
0.003813 0.8243
0.003495 0.8414
0.003215 0.8568
0.002941 0.8708
0.002749 0.8833
0.002530 0.8947
0.002351 0.9049
0.002205 0.9142
0.002048 0.9225
0.001884 0.9301
0.001760 0.9369
0.001649 0.9430
0.001532 0.9486
0.001477 0.9536
0.001371 0.9581
0.001304 0.9622
0.001242 0.9658
0.001173 0.9692
0.001115 0.9722
0.001034 0.9749
0.001015 0.9773
0.000969 0.9795
0.000893 0.9815
0.000872 0.9833
0.000811 0.9849
0.000758 0.9864
0.000746 0.9877
0.000696 0.9889
0.000631 0.9900
layer3.6.conv3
0.006110 0.0000
0.006163 0.4000
0.005755 0.4584
0.005525 0.5111
0.004942 0.5586
0.004618 0.6016
0.004191 0.6403
0.003840 0.6753
0.003511 0.7069
0.003302 0.7354
0.003125 0.7612
0.002857 0.7844
0.002579 0.8054
0.002332 0.8243
0.002187 0.8414
0.002029 0.8568
0.001874 0.8708
0.001752 0.8833
0.001620 0.8947
0.001515 0.9049
0.001364 0.9142
0.001287 0.9225
0.001190 0.9301
0.001142 0.9369
0.001122 0.9430
0.001051 0.9486
0.001030 0.9536
0.001018 0.9581
0.000968 0.9622
0.000982 0.9658
0.000937 0.9692
0.000929 0.9722
0.000914 0.9749
0.000899 0.9773
0.000874 0.9795
0.000859 0.9815
0.000870 0.9833
0.000860 0.9849
0.000812 0.9864
0.000839 0.9877
0.000802 0.9889
0.000787 0.9900
layer3.7.conv1
0.006264 0.0000
0.005401 0.4000
0.004999 0.4584
0.004651 0.5111
0.004522 0.5586
0.004013 0.6016
0.003730 0.6403
0.003429 0.6753
0.003237 0.7069
0.002998 0.7354
0.002875 0.7612
0.002754 0.7844
0.002534 0.8054
0.002454 0.8243
0.002189 0.8414
0.002039 0.8568
0.001996 0.8708
0.001851 0.8833
0.001781 0.8947
0.001678 0.9049
0.001615 0.9142
0.001502 0.9225
0.001461 0.9301
0.001379 0.9369
0.001318 0.9430
0.001243 0.9486
0.001273 0.9536
0.001156 0.9581
0.001135 0.9622
0.001090 0.9658
0.001022 0.9692
0.000973 0.9722
0.000935 0.9749
0.000910 0.9773
0.000887 0.9795
0.000838 0.9815
0.000821 0.9833
0.000756 0.9849
0.000734 0.9864
0.000678 0.9877
0.000638 0.9889
0.000592 0.9900
layer3.7.conv2
0.008979 0.0000
0.012750 0.4000
0.011046 0.4584
0.009829 0.5111
0.008988 0.5586
0.007849 0.6016
0.007000 0.6403
0.006184 0.6753
0.005803 0.7069
0.005305 0.7354
0.005025 0.7612
0.004654 0.7844
0.004096 0.8054
0.003837 0.8243
0.003487 0.8414
0.003257 0.8568
0.002968 0.8708
0.002717 0.8833
0.002538 0.8947
0.002367 0.9049
0.002278 0.9142
0.002050 0.9225
0.001873 0.9301
0.001754 0.9369
0.001634 0.9430
0.001507 0.9486
0.001464 0.9536
0.001372 0.9581
0.001304 0.9622
0.001257 0.9658
0.001162 0.9692
0.001114 0.9722
0.001044 0.9749
0.000983 0.9773
0.000946 0.9795
0.000888 0.9815
0.000853 0.9833
0.000811 0.9849
0.000767 0.9864
0.000740 0.9877
0.000688 0.9889
0.000628 0.9900
layer3.7.conv3
0.006078 0.0000
0.006017 0.4000
0.005547 0.4584
0.005179 0.5111
0.004743 0.5586
0.004399 0.6016
0.004036 0.6403
0.003654 0.6753
0.003468 0.7069
0.003176 0.7354
0.002980 0.7612
0.002830 0.7844
0.002558 0.8054
0.002285 0.8243
0.002125 0.8414
0.001974 0.8568
0.001819 0.8708
0.001716 0.8833
0.001660 0.8947
0.001554 0.9049
0.001405 0.9142
0.001302 0.9225
0.001219 0.9301
0.001186 0.9369
0.001138 0.9430
0.001092 0.9486
0.001071 0.9536
0.001048 0.9581
0.000986 0.9622
0.000985 0.9658
0.000968 0.9692
0.000929 0.9722
0.000918 0.9749
0.000914 0.9773
0.000882 0.9795
0.000851 0.9815
0.000863 0.9833
0.000867 0.9849
0.000816 0.9864
0.000833 0.9877
0.000797 0.9889
0.000790 0.9900
layer3.8.conv1
0.006415 0.0000
0.005388 0.4000
0.004930 0.4584
0.004662 0.5111
0.004140 0.5586
0.003986 0.6016
0.003583 0.6403
0.003329 0.6753
0.003114 0.7069
0.002892 0.7354
0.002741 0.7612
0.002637 0.7844
0.002440 0.8054
0.002292 0.8243
0.002145 0.8414
0.002025 0.8568
0.001968 0.8708
0.001822 0.8833
0.001746 0.8947
0.001655 0.9049
0.001528 0.9142
0.001502 0.9225
0.001457 0.9301
0.001336 0.9369
0.001321 0.9430
0.001264 0.9486
0.001255 0.9536
0.001178 0.9581
0.001143 0.9622
0.001070 0.9658
0.001028 0.9692
0.001002 0.9722
0.000933 0.9749
0.000908 0.9773
0.000911 0.9795
0.000809 0.9815
0.000842 0.9833
0.000748 0.9849
0.000722 0.9864
0.000668 0.9877
0.000656 0.9889
0.000601 0.9900
layer3.8.conv2
0.008940 0.0000
0.012243 0.4000
0.011035 0.4584
0.009951 0.5111
0.008854 0.5586
0.007695 0.6016
0.006909 0.6403
0.006343 0.6753
0.005771 0.7069
0.005157 0.7354
0.004933 0.7612
0.004626 0.7844
0.004025 0.8054
0.003729 0.8243
0.003422 0.8414
0.003154 0.8568
0.002930 0.8708
0.002669 0.8833
0.002497 0.8947
0.002333 0.9049
0.002166 0.9142
0.002022 0.9225
0.001912 0.9301
0.001721 0.9369
0.001642 0.9430
0.001540 0.9486
0.001452 0.9536
0.001363 0.9581
0.001287 0.9622
0.001225 0.9658
0.001166 0.9692
0.001105 0.9722
0.001054 0.9749
0.001000 0.9773
0.000973 0.9795
0.000874 0.9815
0.000883 0.9833
0.000823 0.9849
0.000767 0.9864
0.000736 0.9877
0.000685 0.9889
0.000633 0.9900
layer3.8.conv3
0.006107 0.0000
0.006013 0.4000
0.005534 0.4584
0.005207 0.5111
0.004741 0.5586
0.004371 0.6016
0.004197 0.6403
0.003811 0.6753
0.003423 0.7069
0.003120 0.7354
0.002969 0.7612
0.002795 0.7844
0.002442 0.8054
0.002265 0.8243
0.002111 0.8414
0.001933 0.8568
0.001788 0.8708
0.001673 0.8833
0.001558 0.8947
0.001453 0.9049
0.001375 0.9142
0.001378 0.9225
0.001238 0.9301
0.001159 0.9369
0.001105 0.9430
0.001057 0.9486
0.001032 0.9536
0.001013 0.9581
0.000962 0.9622
0.000978 0.9658
0.000939 0.9692
0.000917 0.9722
0.000895 0.9749
0.000909 0.9773
0.000890 0.9795
0.000856 0.9815
0.000873 0.9833
0.000859 0.9849
0.000812 0.9864
0.000831 0.9877
0.000801 0.9889
0.000803 0.9900
layer3.9.conv1
0.006378 0.0000
0.006190 0.4000
0.005132 0.4584
0.004993 0.5111
0.004305 0.5586
0.003961 0.6016
0.003656 0.6403
0.003421 0.6753
0.003172 0.7069
0.002984 0.7354
0.002940 0.7612
0.002751 0.7844
0.002444 0.8054
0.002289 0.8243
0.002178 0.8414
0.002042 0.8568
0.002008 0.8708
0.001896 0.8833
0.001790 0.8947
0.001677 0.9049
0.001570 0.9142
0.001534 0.9225
0.001492 0.9301
0.001349 0.9369
0.001330 0.9430
0.001266 0.9486
0.001292 0.9536
0.001190 0.9581
0.001168 0.9622
0.001136 0.9658
0.001067 0.9692
0.001010 0.9722
0.000991 0.9749
0.000956 0.9773
0.000935 0.9795
0.000865 0.9815
0.000868 0.9833
0.000802 0.9849
0.000759 0.9864
0.000720 0.9877
0.000682 0.9889
0.000634 0.9900
layer3.9.conv2
0.009850 0.0000
0.012633 0.4000
0.010904 0.4584
0.010238 0.5111
0.008918 0.5586
0.007788 0.6016
0.007218 0.6403
0.006288 0.6753
0.005893 0.7069
0.005325 0.7354
0.005069 0.7612
0.004661 0.7844
0.004145 0.8054
0.003836 0.8243
0.003543 0.8414
0.003273 0.8568
0.003026 0.8708
0.002768 0.8833
0.002582 0.8947
0.002350 0.9049
0.002220 0.9142
0.002029 0.9225
0.001955 0.9301
0.001724 0.9369
0.001630 0.9430
0.001522 0.9486
0.001449 0.9536
0.001350 0.9581
0.001281 0.9622
0.001255 0.9658
0.001166 0.9692
0.001083 0.9722
0.001021 0.9749
0.000964 0.9773
0.000928 0.9795
0.000857 0.9815
0.000826 0.9833
0.000792 0.9849
0.000743 0.9864
0.000709 0.9877
0.000659 0.9889
0.000618 0.9900
layer3.9.conv3
0.006134 0.0000
0.006076 0.4000
0.005571 0.4584
0.005283 0.5111
0.004727 0.5586
0.004343 0.6016
0.004020 0.6403
0.003661 0.6753
0.003459 0.7069
0.003142 0.7354
0.003018 0.7612
0.002812 0.7844
0.002434 0.8054
0.002291 0.8243
0.002119 0.8414
0.001953 0.8568
0.001796 0.8708
0.001686 0.8833
0.001564 0.8947
0.001441 0.9049
0.001354 0.9142
0.001275 0.9225
0.001174 0.9301
0.001121 0.9369
0.001109 0.9430
0.001071 0.9486
0.001052 0.9536
0.000995 0.9581
0.000953 0.9622
0.000996 0.9658
0.000949 0.9692
0.000913 0.9722
0.000894 0.9749
0.000912 0.9773
0.000888 0.9795
0.000851 0.9815
0.000857 0.9833
0.000860 0.9849
0.000810 0.9864
0.000837 0.9877
0.000785 0.9889
0.000791 0.9900
layer3.10.conv1
0.006345 0.0000
0.005374 0.4000
0.004923 0.4584
0.004564 0.5111
0.004249 0.5586
0.003877 0.6016
0.003658 0.6403
0.003392 0.6753
0.003121 0.7069
0.002990 0.7354
0.002763 0.7612
0.002664 0.7844
0.002512 0.8054
0.002292 0.8243
0.002154 0.8414
0.002162 0.8568
0.001912 0.8708
0.001833 0.8833
0.001734 0.8947
0.001655 0.9049
0.001536 0.9142
0.001515 0.9225
0.001437 0.9301
0.001358 0.9369
0.001325 0.9430
0.001311 0.9486
0.001292 0.9536
0.001174 0.9581
0.001174 0.9622
0.001131 0.9658
0.001090 0.9692
0.001029 0.9722
0.000997 0.9749
0.000975 0.9773
0.000915 0.9795
0.000864 0.9815
0.000843 0.9833
0.000774 0.9849
0.000744 0.9864
0.000694 0.9877
0.000646 0.9889
0.000598 0.9900
layer3.10.conv2
0.008853 0.0000
0.012081 0.4000
0.010861 0.4584
0.009720 0.5111
0.008874 0.5586
0.008010 0.6016
0.007032 0.6403
0.006328 0.6753
0.005792 0.7069
0.005243 0.7354
0.004889 0.7612
0.004545 0.7844
0.004090 0.8054
0.003786 0.8243
0.003436 0.8414
0.003213 0.8568
0.002951 0.8708
0.002738 0.8833
0.002542 0.8947
0.002335 0.9049
0.002163 0.9142
0.002033 0.9225
0.001884 0.9301
0.001728 0.9369
0.001624 0.9430
0.001516 0.9486
0.001479 0.9536
0.001342 0.9581
0.001289 0.9622
0.001238 0.9658
0.001169 0.9692
0.001089 0.9722
0.001036 0.9749
0.000998 0.9773
0.000932 0.9795
0.000862 0.9815
0.000823 0.9833
0.000808 0.9849
0.000747 0.9864
0.000712 0.9877
0.000644 0.9889
0.000620 0.9900
layer3.10.conv3
0.006123 0.0000
0.005971 0.4000
0.005518 0.4584
0.005232 0.5111
0.004728 0.5586
0.004372 0.6016
0.004009 0.6403
0.003778 0.6753
0.003361 0.7069
0.003104 0.7354
0.003038 0.7612
0.002756 0.7844
0.002401 0.8054
0.002226 0.8243
0.002089 0.8414
0.001918 0.8568
0.001772 0.8708
0.001658 0.8833
0.001577 0.8947
0.001508 0.9049
0.001345 0.9142
0.001266 0.9225
0.001213 0.9301
0.001146 0.9369
0.001133 0.9430
0.001060 0.9486
0.001038 0.9536
0.001017 0.9581
0.000964 0.9622
0.000981 0.9658
0.000955 0.9692
0.000919 0.9722
0.000928 0.9749
0.000919 0.9773
0.000895 0.9795
0.000865 0.9815
0.000880 0.9833
0.000852 0.9849
0.000814 0.9864
0.000829 0.9877
0.000789 0.9889
0.000808 0.9900
layer3.11.conv1
0.006483 0.0000
0.005325 0.4000
0.005024 0.4584
0.004621 0.5111
0.004124 0.5586
0.003878 0.6016
0.003683 0.6403
0.003351 0.6753
0.003094 0.7069
0.002893 0.7354
0.002757 0.7612
0.002657 0.7844
0.002433 0.8054
0.002249 0.8243
0.002235 0.8414
0.002020 0.8568
0.001899 0.8708
0.001813 0.8833
0.001705 0.8947
0.001673 0.9049
0.001538 0.9142
0.001517 0.9225
0.001465 0.9301
0.001371 0.9369
0.001458 0.9430
0.001295 0.9486
0.001265 0.9536
0.001181 0.9581
0.001176 0.9622
0.001094 0.9658
0.001085 0.9692
0.001006 0.9722
0.000995 0.9749
0.000957 0.9773
0.000920 0.9795
0.000854 0.9815
0.000841 0.9833
0.000767 0.9849
0.000728 0.9864
0.000694 0.9877
0.000637 0.9889
0.000608 0.9900
layer3.11.conv2
0.008820 0.0000
0.012615 0.4000
0.011067 0.4584
0.009928 0.5111
0.008886 0.5586
0.007881 0.6016
0.007292 0.6403
0.006338 0.6753
0.005858 0.7069
0.005315 0.7354
0.004960 0.7612
0.004677 0.7844
0.004133 0.8054
0.003845 0.8243
0.003542 0.8414
0.003243 0.8568
0.003096 0.8708
0.002786 0.8833
0.002561 0.8947
0.002425 0.9049
0.002254 0.9142
0.002063 0.9225
0.001943 0.9301
0.001755 0.9369
0.001709 0.9430
0.001514 0.9486
0.001457 0.9536
0.001352 0.9581
0.001319 0.9622
0.001247 0.9658
0.001173 0.9692
0.001108 0.9722
0.001042 0.9749
0.000994 0.9773
0.000940 0.9795
0.000876 0.9815
0.000839 0.9833
0.000808 0.9849
0.000758 0.9864
0.000722 0.9877
0.000660 0.9889
0.000617 0.9900
layer3.11.conv3
0.006133 0.0000
0.006065 0.4000
0.005649 0.4584
0.005206 0.5111
0.004780 0.5586
0.004552 0.6016
0.004121 0.6403
0.003802 0.6753
0.003468 0.7069
0.003191 0.7354
0.003031 0.7612
0.002900 0.7844
0.002550 0.8054
0.002341 0.8243
0.002183 0.8414
0.002009 0.8568
0.001941 0.8708
0.001744 0.8833
0.001617 0.8947
0.001609 0.9049
0.001440 0.9142
0.001318 0.9225
0.001274 0.9301
0.001172 0.9369
0.001162 0.9430
0.001078 0.9486
0.001074 0.9536
0.001024 0.9581
0.000971 0.9622
0.000986 0.9658
0.000945 0.9692
0.000923 0.9722
0.000915 0.9749
0.000912 0.9773
0.000889 0.9795
0.000875 0.9815
0.000879 0.9833
0.000858 0.9849
0.000815 0.9864
0.000826 0.9877
0.000794 0.9889
0.000814 0.9900
layer3.12.conv1
0.006429 0.0000
0.005384 0.4000
0.004903 0.4584
0.004533 0.5111
0.004145 0.5586
0.003901 0.6016
0.003597 0.6403
0.003355 0.6753
0.003128 0.7069
0.002942 0.7354
0.002796 0.7612
0.002656 0.7844
0.002453 0.8054
0.002287 0.8243
0.002157 0.8414
0.002025 0.8568
0.001939 0.8708
0.001818 0.8833
0.001754 0.8947
0.001681 0.9049
0.001541 0.9142
0.001520 0.9225
0.001468 0.9301
0.001360 0.9369
0.001310 0.9430
0.001274 0.9486
0.001328 0.9536
0.001180 0.9581
0.001168 0.9622
0.001126 0.9658
0.001089 0.9692
0.001030 0.9722
0.001005 0.9749
0.001000 0.9773
0.000975 0.9795
0.000930 0.9815
0.000931 0.9833
0.000862 0.9849
0.000845 0.9864
0.000798 0.9877
0.000766 0.9889
0.000724 0.9900
layer3.12.conv2
0.008867 0.0000
0.012378 0.4000
0.011004 0.4584
0.010294 0.5111
0.008631 0.5586
0.007676 0.6016
0.006740 0.6403
0.006277 0.6753
0.005885 0.7069
0.005226 0.7354
0.004942 0.7612
0.004614 0.7844
0.004066 0.8054
0.003762 0.8243
0.003460 0.8414
0.003198 0.8568
0.002924 0.8708
0.002697 0.8833
0.002518 0.8947
0.002324 0.9049
0.002163 0.9142
0.002003 0.9225
0.001855 0.9301
0.001740 0.9369
0.001612 0.9430
0.001499 0.9486
0.001455 0.9536
0.001347 0.9581
0.001276 0.9622
0.001223 0.9658
0.001145 0.9692
0.001075 0.9722
0.001020 0.9749
0.000985 0.9773
0.000919 0.9795
0.000873 0.9815
0.000834 0.9833
0.000798 0.9849
0.000779 0.9864
0.000722 0.9877
0.000676 0.9889
0.000646 0.9900
layer3.12.conv3
0.006126 0.0000
0.006016 0.4000
0.005543 0.4584
0.005171 0.5111
0.004672 0.5586
0.004332 0.6016
0.003951 0.6403
0.003619 0.6753
0.003482 0.7069
0.003040 0.7354
0.002895 0.7612
0.002706 0.7844
0.002331 0.8054
0.002156 0.8243
0.002021 0.8414
0.001868 0.8568
0.001731 0.8708
0.001617 0.8833
0.001512 0.8947
0.001385 0.9049
0.001298 0.9142
0.001227 0.9225
0.001214 0.9301
0.001138 0.9369
0.001098 0.9430
0.001027 0.9486
0.001041 0.9536
0.001008 0.9581
0.000963 0.9622
0.000982 0.9658
0.000962 0.9692
0.000919 0.9722
0.000933 0.9749
0.000917 0.9773
0.000888 0.9795
0.000866 0.9815
0.000879 0.9833
0.000869 0.9849
0.000815 0.9864
0.000837 0.9877
0.000817 0.9889
0.000800 0.9900
layer3.13.conv1
0.006486 0.0000
0.005360 0.4000
0.004950 0.4584
0.004548 0.5111
0.004119 0.5586
0.003852 0.6016
0.003585 0.6403
0.003501 0.6753
0.003093 0.7069
0.002877 0.7354
0.002712 0.7612
0.002624 0.7844
0.002400 0.8054
0.002253 0.8243
0.002133 0.8414
0.002011 0.8568
0.001891 0.8708
0.001820 0.8833
0.001711 0.8947
0.001665 0.9049
0.001509 0.9142
0.001512 0.9225
0.001462 0.9301
0.001367 0.9369
0.001333 0.9430
0.001276 0.9486
0.001292 0.9536
0.001200 0.9581
0.001161 0.9622
0.001104 0.9658
0.001103 0.9692
0.001033 0.9722
0.001027 0.9749
0.001009 0.9773
0.000986 0.9795
0.000930 0.9815
0.000935 0.9833
0.000868 0.9849
0.000842 0.9864
0.000819 0.9877
0.000790 0.9889
0.000725 0.9900
layer3.13.conv2
0.008711 0.0000
0.012566 0.4000
0.010758 0.4584
0.009985 0.5111
0.009007 0.5586
0.007887 0.6016
0.007196 0.6403
0.006299 0.6753
0.006008 0.7069
0.005243 0.7354
0.004866 0.7612
0.004570 0.7844
0.004052 0.8054
0.003740 0.8243
0.003429 0.8414
0.003177 0.8568
0.002897 0.8708
0.002651 0.8833
0.002464 0.8947
0.002297 0.9049
0.002163 0.9142
0.001994 0.9225
0.001845 0.9301
0.001736 0.9369
0.001612 0.9430
0.001484 0.9486
0.001439 0.9536
0.001345 0.9581
0.001269 0.9622
0.001195 0.9658
0.001141 0.9692
0.001075 0.9722
0.001026 0.9749
0.000984 0.9773
0.000922 0.9795
0.000863 0.9815
0.000847 0.9833
0.000793 0.9849
0.000772 0.9864
0.000728 0.9877
0.000693 0.9889
0.000647 0.9900
layer3.13.conv3
0.006087 0.0000
0.006128 0.4000
0.005667 0.4584
0.005542 0.5111
0.004809 0.5586
0.004367 0.6016
0.004015 0.6403
0.003702 0.6753
0.003450 0.7069
0.003185 0.7354
0.002918 0.7612
0.002780 0.7844
0.002447 0.8054
0.002216 0.8243
0.002104 0.8414
0.001966 0.8568
0.001762 0.8708
0.001666 0.8833
0.001549 0.8947
0.001440 0.9049
0.001362 0.9142
0.001236 0.9225
0.001220 0.9301
0.001150 0.9369
0.001088 0.9430
0.001056 0.9486
0.001039 0.9536
0.001008 0.9581
0.000971 0.9622
0.000991 0.9658
0.000948 0.9692
0.000920 0.9722
0.000938 0.9749
0.000909 0.9773
0.000891 0.9795
0.000877 0.9815
0.000895 0.9833
0.000879 0.9849
0.000833 0.9864
0.000849 0.9877
0.000814 0.9889
0.000807 0.9900
layer3.14.conv1
0.006340 0.0000
0.005380 0.4000
0.004948 0.4584
0.004597 0.5111
0.004163 0.5586
0.003885 0.6016
0.003625 0.6403
0.003342 0.6753
0.003185 0.7069
0.002953 0.7354
0.002802 0.7612
0.002769 0.7844
0.002548 0.8054
0.002237 0.8243
0.002127 0.8414
0.001990 0.8568
0.001856 0.8708
0.001794 0.8833
0.001765 0.8947
0.001651 0.9049
0.001513 0.9142
0.001531 0.9225
0.001507 0.9301
0.001353 0.9369
0.001313 0.9430
0.001283 0.9486
0.001290 0.9536
0.001208 0.9581
0.001171 0.9622
0.001112 0.9658
0.001095 0.9692
0.001030 0.9722
0.001051 0.9749
0.000998 0.9773
0.000990 0.9795
0.000942 0.9815
0.000967 0.9833
0.000878 0.9849
0.000878 0.9864
0.000826 0.9877
0.000810 0.9889
0.000770 0.9900
layer3.14.conv2
0.008832 0.0000
0.012497 0.4000
0.011480 0.4584
0.010081 0.5111
0.008962 0.5586
0.007704 0.6016
0.007091 0.6403
0.006213 0.6753
0.005751 0.7069
0.005239 0.7354
0.004927 0.7612
0.004583 0.7844
0.004085 0.8054
0.003788 0.8243
0.003435 0.8414
0.003165 0.8568
0.002889 0.8708
0.002699 0.8833
0.002479 0.8947
0.002289 0.9049
0.002156 0.9142
0.001989 0.9225
0.001850 0.9301
0.001709 0.9369
0.001604 0.9430
0.001484 0.9486
0.001445 0.9536
0.001357 0.9581
0.001270 0.9622
0.001201 0.9658
0.001136 0.9692
0.001059 0.9722
0.001026 0.9749
0.000955 0.9773
0.000920 0.9795
0.000855 0.9815
0.000842 0.9833
0.000793 0.9849
0.000761 0.9864
0.000739 0.9877
0.000690 0.9889
0.000653 0.9900
layer3.14.conv3
0.006099 0.0000
0.006018 0.4000
0.005527 0.4584
0.005160 0.5111
0.004726 0.5586
0.004422 0.6016
0.003974 0.6403
0.003727 0.6753
0.003322 0.7069
0.003049 0.7354
0.002884 0.7612
0.002697 0.7844
0.002354 0.8054
0.002183 0.8243
0.002051 0.8414
0.001888 0.8568
0.001735 0.8708
0.001629 0.8833
0.001550 0.8947
0.001406 0.9049
0.001353 0.9142
0.001234 0.9225
0.001178 0.9301
0.001136 0.9369
0.001106 0.9430
0.001039 0.9486
0.001041 0.9536
0.001013 0.9581
0.000984 0.9622
0.000984 0.9658
0.000949 0.9692
0.000915 0.9722
0.000944 0.9749
0.000912 0.9773
0.000896 0.9795
0.000873 0.9815
0.000878 0.9833
0.000872 0.9849
0.000817 0.9864
0.000845 0.9877
0.000829 0.9889
0.000816 0.9900
layer3.15.conv1
0.006490 0.0000
0.005504 0.4000
0.004926 0.4584
0.004576 0.5111
0.004201 0.5586
0.003991 0.6016
0.003725 0.6403
0.003402 0.6753
0.003127 0.7069
0.002917 0.7354
0.002764 0.7612
0.002650 0.7844
0.002431 0.8054
0.002263 0.8243
0.002180 0.8414
0.002001 0.8568
0.001923 0.8708
0.001832 0.8833
0.001732 0.8947
0.001650 0.9049
0.001532 0.9142
0.001529 0.9225
0.001475 0.9301
0.001360 0.9369
0.001322 0.9430
0.001308 0.9486
0.001299 0.9536
0.001213 0.9581
0.001221 0.9622
0.001138 0.9658
0.001126 0.9692
0.001057 0.9722
0.001055 0.9749
0.001023 0.9773
0.000999 0.9795
0.000937 0.9815
0.000934 0.9833
0.000862 0.9849
0.000821 0.9864
0.000792 0.9877
0.000749 0.9889
0.000697 0.9900
layer3.15.conv2
0.008712 0.0000
0.012649 0.4000
0.011224 0.4584
0.009900 0.5111
0.008961 0.5586
0.008161 0.6016
0.006861 0.6403
0.006281 0.6753
0.005854 0.7069
0.005181 0.7354
0.005051 0.7612
0.004577 0.7844
0.004050 0.8054
0.003715 0.8243
0.003397 0.8414
0.003118 0.8568
0.002883 0.8708
0.002630 0.8833
0.002478 0.8947
0.002276 0.9049
0.002133 0.9142
0.001967 0.9225
0.001830 0.9301
0.001692 0.9369
0.001620 0.9430
0.001477 0.9486
0.001436 0.9536
0.001313 0.9581
0.001268 0.9622
0.001188 0.9658
0.001126 0.9692
0.001068 0.9722
0.001023 0.9749
0.000965 0.9773
0.000933 0.9795
0.000853 0.9815
0.000827 0.9833
0.000777 0.9849
0.000735 0.9864
0.000725 0.9877
0.000682 0.9889
0.000645 0.9900
layer3.15.conv3
0.006078 0.0000
0.006197 0.4000
0.005661 0.4584
0.005343 0.5111
0.004873 0.5586
0.004502 0.6016
0.004052 0.6403
0.003904 0.6753
0.003467 0.7069
0.003201 0.7354
0.003057 0.7612
0.002902 0.7844
0.002514 0.8054
0.002295 0.8243
0.002136 0.8414
0.002001 0.8568
0.001879 0.8708
0.001745 0.8833
0.001615 0.8947
0.001471 0.9049
0.001376 0.9142
0.001290 0.9225
0.001223 0.9301
0.001147 0.9369
0.001107 0.9430
0.001076 0.9486
0.001049 0.9536
0.001016 0.9581
0.000968 0.9622
0.000994 0.9658
0.000952 0.9692
0.000933 0.9722
0.000914 0.9749
0.000924 0.9773
0.000904 0.9795
0.000866 0.9815
0.000871 0.9833
0.000871 0.9849
0.000829 0.9864
0.000840 0.9877
0.000809 0.9889
0.000800 0.9900
layer3.16.conv1
0.006295 0.0000
0.005538 0.4000
0.005131 0.4584
0.004589 0.5111
0.004190 0.5586
0.003916 0.6016
0.003800 0.6403
0.003451 0.6753
0.003243 0.7069
0.003108 0.7354
0.002812 0.7612
0.002737 0.7844
0.002506 0.8054
0.002310 0.8243
0.002148 0.8414
0.002041 0.8568
0.001901 0.8708
0.001827 0.8833
0.001733 0.8947
0.001671 0.9049
0.001519 0.9142
0.001495 0.9225
0.001471 0.9301
0.001380 0.9369
0.001311 0.9430
0.001280 0.9486
0.001305 0.9536
0.001226 0.9581
0.001186 0.9622
0.001113 0.9658
0.001097 0.9692
0.001034 0.9722
0.001015 0.9749
0.001016 0.9773
0.000990 0.9795
0.000960 0.9815
0.000936 0.9833
0.000891 0.9849
0.000876 0.9864
0.000822 0.9877
0.000794 0.9889
0.000767 0.9900
layer3.16.conv2
0.008931 0.0000
0.012648 0.4000
0.011219 0.4584
0.010097 0.5111
0.008709 0.5586
0.007524 0.6016
0.007231 0.6403
0.006552 0.6753
0.005695 0.7069
0.005315 0.7354
0.004858 0.7612
0.004603 0.7844
0.004075 0.8054
0.003772 0.8243
0.003474 0.8414
0.003173 0.8568
0.002915 0.8708
0.002692 0.8833
0.002463 0.8947
0.002316 0.9049
0.002153 0.9142
0.001982 0.9225
0.001841 0.9301
0.001685 0.9369
0.001576 0.9430
0.001469 0.9486
0.001435 0.9536
0.001331 0.9581
0.001248 0.9622
0.001206 0.9658
0.001134 0.9692
0.001052 0.9722
0.001005 0.9749
0.000972 0.9773
0.000919 0.9795
0.000866 0.9815
0.000824 0.9833
0.000780 0.9849
0.000739 0.9864
0.000716 0.9877
0.000674 0.9889
0.000637 0.9900
layer3.16.conv3
0.006091 0.0000
0.006053 0.4000
0.005537 0.4584
0.005417 0.5111
0.004693 0.5586
0.004303 0.6016
0.004059 0.6403
0.003656 0.6753
0.003434 0.7069
0.003124 0.7354
0.002919 0.7612
0.002759 0.7844
0.002419 0.8054
0.002221 0.8243
0.002070 0.8414
0.001911 0.8568
0.001764 0.8708
0.001659 0.8833
0.001559 0.8947
0.001416 0.9049
0.001353 0.9142
0.001254 0.9225
0.001185 0.9301
0.001152 0.9369
0.001110 0.9430
0.001077 0.9486
0.001057 0.9536
0.001012 0.9581
0.000963 0.9622
0.000996 0.9658
0.000942 0.9692
0.000919 0.9722
0.000917 0.9749
0.000923 0.9773
0.000898 0.9795
0.000868 0.9815
0.000887 0.9833
0.000888 0.9849
0.000834 0.9864
0.000862 0.9877
0.000820 0.9889
0.000806 0.9900
layer3.17.conv1
0.006394 0.0000
0.005531 0.4000
0.004955 0.4584
0.004634 0.5111
0.004223 0.5586
0.004291 0.6016
0.003596 0.6403
0.003322 0.6753
0.003154 0.7069
0.002859 0.7354
0.002698 0.7612
0.002582 0.7844
0.002369 0.8054
0.002204 0.8243
0.002146 0.8414
0.001965 0.8568
0.001856 0.8708
0.001772 0.8833
0.001773 0.8947
0.001628 0.9049
0.001513 0.9142
0.001507 0.9225
0.001455 0.9301
0.001367 0.9369
0.001303 0.9430
0.001288 0.9486
0.001263 0.9536
0.001185 0.9581
0.001184 0.9622
0.001120 0.9658
0.001105 0.9692
0.001040 0.9722
0.001010 0.9749
0.000998 0.9773
0.000957 0.9795
0.000910 0.9815
0.000902 0.9833
0.000838 0.9849
0.000796 0.9864
0.000766 0.9877
0.000724 0.9889
0.000699 0.9900
layer3.17.conv2
0.008884 0.0000
0.012376 0.4000
0.010868 0.4584
0.009994 0.5111
0.008859 0.5586
0.007557 0.6016
0.007205 0.6403
0.006241 0.6753
0.005764 0.7069
0.005163 0.7354
0.004850 0.7612
0.004531 0.7844
0.004021 0.8054
0.003680 0.8243
0.003394 0.8414
0.003148 0.8568
0.002853 0.8708
0.002624 0.8833
0.002483 0.8947
0.002297 0.9049
0.002127 0.9142
0.001968 0.9225
0.001834 0.9301
0.001673 0.9369
0.001591 0.9430
0.001493 0.9486
0.001401 0.9536
0.001291 0.9581
0.001255 0.9622
0.001177 0.9658
0.001112 0.9692
0.001058 0.9722
0.000997 0.9749
0.000953 0.9773
0.000917 0.9795
0.000847 0.9815
0.000823 0.9833
0.000779 0.9849
0.000722 0.9864
0.000718 0.9877
0.000665 0.9889
0.000615 0.9900
layer3.17.conv3
0.006086 0.0000
0.006107 0.4000
0.005498 0.4584
0.005221 0.5111
0.004831 0.5586
0.004412 0.6016
0.004053 0.6403
0.003708 0.6753
0.003414 0.7069
0.003107 0.7354
0.002923 0.7612
0.002771 0.7844
0.002439 0.8054
0.002239 0.8243
0.002165 0.8414
0.001944 0.8568
0.001782 0.8708
0.001646 0.8833
0.001542 0.8947
0.001431 0.9049
0.001368 0.9142
0.001266 0.9225
0.001220 0.9301
0.001131 0.9369
0.001096 0.9430
0.001070 0.9486
0.001051 0.9536
0.001006 0.9581
0.000965 0.9622
0.000976 0.9658
0.000946 0.9692
0.000926 0.9722
0.000910 0.9749
0.000905 0.9773
0.000895 0.9795
0.000865 0.9815
0.000880 0.9833
0.000883 0.9849
0.000819 0.9864
0.000852 0.9877
0.000822 0.9889
0.000799 0.9900
layer3.18.conv1
0.006407 0.0000
0.005586 0.4000
0.005168 0.4584
0.005031 0.5111
0.004362 0.5586
0.004002 0.6016
0.003597 0.6403
0.003446 0.6753
0.003111 0.7069
0.002979 0.7354
0.002897 0.7612
0.002781 0.7844
0.002520 0.8054
0.002290 0.8243
0.002203 0.8414
0.002085 0.8568
0.001930 0.8708
0.001866 0.8833
0.001772 0.8947
0.001656 0.9049
0.001560 0.9142
0.001521 0.9225
0.001452 0.9301
0.001376 0.9369
0.001322 0.9430
0.001284 0.9486
0.001292 0.9536
0.001208 0.9581
0.001176 0.9622
0.001125 0.9658
0.001097 0.9692
0.001056 0.9722
0.001027 0.9749
0.001018 0.9773
0.000987 0.9795
0.000947 0.9815
0.000945 0.9833
0.000883 0.9849
0.000859 0.9864
0.000822 0.9877
0.000790 0.9889
0.000753 0.9900
layer3.18.conv2
0.009938 0.0000
0.012344 0.4000
0.011342 0.4584
0.010102 0.5111
0.008702 0.5586
0.007854 0.6016
0.006975 0.6403
0.006377 0.6753
0.005784 0.7069
0.005268 0.7354
0.004850 0.7612
0.004568 0.7844
0.004003 0.8054
0.003715 0.8243
0.003417 0.8414
0.003143 0.8568
0.002868 0.8708
0.002643 0.8833
0.002460 0.8947
0.002289 0.9049
0.002155 0.9142
0.001978 0.9225
0.001823 0.9301
0.001663 0.9369
0.001562 0.9430
0.001467 0.9486
0.001403 0.9536
0.001315 0.9581
0.001252 0.9622
0.001185 0.9658
0.001115 0.9692
0.001064 0.9722
0.001002 0.9749
0.000956 0.9773
0.000928 0.9795
0.000850 0.9815
0.000823 0.9833
0.000781 0.9849
0.000745 0.9864
0.000723 0.9877
0.000684 0.9889
0.000638 0.9900
layer3.18.conv3
0.006176 0.0000
0.006001 0.4000
0.005521 0.4584
0.005155 0.5111
0.004697 0.5586
0.004303 0.6016
0.003976 0.6403
0.003714 0.6753
0.003375 0.7069
0.003115 0.7354
0.002915 0.7612
0.002770 0.7844
0.002455 0.8054
0.002237 0.8243
0.002100 0.8414
0.001952 0.8568
0.001776 0.8708
0.001652 0.8833
0.001553 0.8947
0.001438 0.9049
0.001348 0.9142
0.001265 0.9225
0.001183 0.9301
0.001139 0.9369
0.001126 0.9430
0.001073 0.9486
0.001052 0.9536
0.001005 0.9581
0.000994 0.9622
0.000987 0.9658
0.000964 0.9692
0.000910 0.9722
0.000945 0.9749
0.000922 0.9773
0.000899 0.9795
0.000865 0.9815
0.000890 0.9833
0.000872 0.9849
0.000824 0.9864
0.000859 0.9877
0.000809 0.9889
0.000807 0.9900
layer3.19.conv1
0.006310 0.0000
0.005362 0.4000
0.004947 0.4584
0.004547 0.5111
0.004193 0.5586
0.003874 0.6016
0.003571 0.6403
0.003337 0.6753
0.003083 0.7069
0.002877 0.7354
0.002708 0.7612
0.002637 0.7844
0.002480 0.8054
0.002244 0.8243
0.002134 0.8414
0.001991 0.8568
0.001873 0.8708
0.001786 0.8833
0.001691 0.8947
0.001619 0.9049
0.001520 0.9142
0.001503 0.9225
0.001445 0.9301
0.001351 0.9369
0.001304 0.9430
0.001330 0.9486
0.001300 0.9536
0.001174 0.9581
0.001187 0.9622
0.001115 0.9658
0.001086 0.9692
0.001027 0.9722
0.001030 0.9749
0.001010 0.9773
0.000996 0.9795
0.000943 0.9815
0.000952 0.9833
0.000882 0.9849
0.000871 0.9864
0.000835 0.9877
0.000804 0.9889
0.000774 0.9900
layer3.19.conv2
0.008852 0.0000
0.012142 0.4000
0.011001 0.4584
0.009882 0.5111
0.008919 0.5586
0.007685 0.6016
0.007214 0.6403
0.006275 0.6753
0.005900 0.7069
0.005172 0.7354
0.004852 0.7612
0.004583 0.7844
0.004078 0.8054
0.003729 0.8243
0.003427 0.8414
0.003131 0.8568
0.002904 0.8708
0.002670 0.8833
0.002485 0.8947
0.002268 0.9049
0.002141 0.9142
0.002019 0.9225
0.001854 0.9301
0.001713 0.9369
0.001611 0.9430
0.001531 0.9486
0.001451 0.9536
0.001335 0.9581
0.001289 0.9622
0.001209 0.9658
0.001140 0.9692
0.001063 0.9722
0.001028 0.9749
0.000981 0.9773
0.000944 0.9795
0.000873 0.9815
0.000848 0.9833
0.000799 0.9849
0.000770 0.9864
0.000740 0.9877
0.000687 0.9889
0.000656 0.9900
layer3.19.conv3
0.006134 0.0000
0.005961 0.4000
0.005520 0.4584
0.005147 0.5111
0.004700 0.5586
0.004270 0.6016
0.004060 0.6403
0.003573 0.6753
0.003362 0.7069
0.003021 0.7354
0.002828 0.7612
0.002739 0.7844
0.002362 0.8054
0.002147 0.8243
0.002008 0.8414
0.001843 0.8568
0.001729 0.8708
0.001604 0.8833
0.001522 0.8947
0.001385 0.9049
0.001306 0.9142
0.001236 0.9225
0.001178 0.9301
0.001120 0.9369
0.001113 0.9430
0.001046 0.9486
0.001035 0.9536
0.001015 0.9581
0.000974 0.9622
0.000973 0.9658
0.000950 0.9692
0.000917 0.9722
0.000941 0.9749
0.000917 0.9773
0.000900 0.9795
0.000872 0.9815
0.000892 0.9833
0.000883 0.9849
0.000830 0.9864
0.000852 0.9877
0.000824 0.9889
0.000831 0.9900
layer3.20.conv1
0.006493 0.0000
0.005371 0.4000
0.004881 0.4584
0.004510 0.5111
0.004127 0.5586
0.003790 0.6016
0.003584 0.6403
0.003415 0.6753
0.003027 0.7069
0.002898 0.7354
0.002662 0.7612
0.002741 0.7844
0.002376 0.8054
0.002174 0.8243
0.002077 0.8414
0.001947 0.8568
0.001836 0.8708
0.001764 0.8833
0.001711 0.8947
0.001628 0.9049
0.001515 0.9142
0.001494 0.9225
0.001449 0.9301
0.001355 0.9369
0.001305 0.9430
0.001291 0.9486
0.001256 0.9536
0.001186 0.9581
0.001180 0.9622
0.001105 0.9658
0.001109 0.9692
0.001036 0.9722
0.001032 0.9749
0.001015 0.9773
0.000977 0.9795
0.000934 0.9815
0.000927 0.9833
0.000871 0.9849
0.000837 0.9864
0.000809 0.9877
0.000784 0.9889
0.000745 0.9900
layer3.20.conv2
0.008899 0.0000
0.012536 0.4000
0.011149 0.4584
0.009863 0.5111
0.008981 0.5586
0.007700 0.6016
0.006953 0.6403
0.006294 0.6753
0.005745 0.7069
0.005248 0.7354
0.004900 0.7612
0.004634 0.7844
0.004016 0.8054
0.003729 0.8243
0.003498 0.8414
0.003164 0.8568
0.002983 0.8708
0.002690 0.8833
0.002529 0.8947
0.002340 0.9049
0.002174 0.9142
0.001973 0.9225
0.001904 0.9301
0.001758 0.9369
0.001649 0.9430
0.001475 0.9486
0.001435 0.9536
0.001333 0.9581
0.001259 0.9622
0.001208 0.9658
0.001146 0.9692
0.001085 0.9722
0.001028 0.9749
0.000977 0.9773
0.000928 0.9795
0.000868 0.9815
0.000830 0.9833
0.000784 0.9849
0.000754 0.9864
0.000731 0.9877
0.000685 0.9889
0.000665 0.9900
layer3.20.conv3
0.006109 0.0000
0.006036 0.4000
0.005614 0.4584
0.005150 0.5111
0.004732 0.5586
0.004353 0.6016
0.004031 0.6403
0.003659 0.6753
0.003319 0.7069
0.003066 0.7354
0.003023 0.7612
0.002720 0.7844
0.002386 0.8054
0.002169 0.8243
0.002051 0.8414
0.001879 0.8568
0.001749 0.8708
0.001622 0.8833
0.001505 0.8947
0.001574 0.9049
0.001373 0.9142
0.001273 0.9225
0.001185 0.9301
0.001163 0.9369
0.001112 0.9430
0.001033 0.9486
0.001066 0.9536
0.001010 0.9581
0.000970 0.9622
0.000974 0.9658
0.000940 0.9692
0.000904 0.9722
0.000912 0.9749
0.000913 0.9773
0.000879 0.9795
0.000864 0.9815
0.000874 0.9833
0.000865 0.9849
0.000835 0.9864
0.000853 0.9877
0.000818 0.9889
0.000816 0.9900
layer3.21.conv1
0.006400 0.0000
0.005367 0.4000
0.004904 0.4584
0.004505 0.5111
0.004114 0.5586
0.003801 0.6016
0.003503 0.6403
0.003286 0.6753
0.003065 0.7069
0.002865 0.7354
0.002747 0.7612
0.002639 0.7844
0.002440 0.8054
0.002229 0.8243
0.002117 0.8414
0.002015 0.8568
0.001869 0.8708
0.001788 0.8833
0.001695 0.8947
0.001642 0.9049
0.001518 0.9142
0.001526 0.9225
0.001430 0.9301
0.001339 0.9369
0.001293 0.9430
0.001267 0.9486
0.001297 0.9536
0.001183 0.9581
0.001175 0.9622
0.001124 0.9658
0.001105 0.9692
0.001031 0.9722
0.001019 0.9749
0.001008 0.9773
0.000987 0.9795
0.000952 0.9815
0.000946 0.9833
0.000884 0.9849
0.000866 0.9864
0.000828 0.9877
0.000794 0.9889
0.000757 0.9900
layer3.21.conv2
0.008802 0.0000
0.012187 0.4000
0.011093 0.4584
0.009842 0.5111
0.008769 0.5586
0.007523 0.6016
0.007057 0.6403
0.006136 0.6753
0.005654 0.7069
0.005184 0.7354
0.004854 0.7612
0.004511 0.7844
0.003993 0.8054
0.003683 0.8243
0.003386 0.8414
0.003134 0.8568
0.002881 0.8708
0.002655 0.8833
0.002489 0.8947
0.002268 0.9049
0.002114 0.9142
0.001968 0.9225
0.001814 0.9301
0.001715 0.9369
0.001591 0.9430
0.001460 0.9486
0.001419 0.9536
0.001345 0.9581
0.001265 0.9622
0.001205 0.9658
0.001134 0.9692
0.001079 0.9722
0.001014 0.9749
0.000978 0.9773
0.000928 0.9795
0.000872 0.9815
0.000839 0.9833
0.000793 0.9849
0.000753 0.9864
0.000723 0.9877
0.000683 0.9889
0.000660 0.9900
layer3.21.conv3
0.006128 0.0000
0.006001 0.4000
0.005609 0.4584
0.005117 0.5111
0.004674 0.5586
0.004254 0.6016
0.003958 0.6403
0.003574 0.6753
0.003278 0.7069
0.003012 0.7354
0.002833 0.7612
0.002670 0.7844
0.002320 0.8054
0.002126 0.8243
0.001999 0.8414
0.001856 0.8568
0.001712 0.8708
0.001597 0.8833
0.001511 0.8947
0.001383 0.9049
0.001316 0.9142
0.001221 0.9225
0.001169 0.9301
0.001121 0.9369
0.001120 0.9430
0.001059 0.9486
0.001041 0.9536
0.001009 0.9581
0.000975 0.9622
0.000979 0.9658
0.000952 0.9692
0.000904 0.9722
0.000932 0.9749
0.000913 0.9773
0.000893 0.9795
0.000864 0.9815
0.000890 0.9833
0.000873 0.9849
0.000824 0.9864
0.000849 0.9877
0.000835 0.9889
0.000818 0.9900
layer3.22.conv1
0.006484 0.0000
0.005315 0.4000
0.004880 0.4584
0.004494 0.5111
0.004105 0.5586
0.003786 0.6016
0.003490 0.6403
0.003257 0.6753
0.003009 0.7069
0.002802 0.7354
0.002624 0.7612
0.002535 0.7844
0.002307 0.8054
0.002203 0.8243
0.002065 0.8414
0.001950 0.8568
0.001843 0.8708
0.001770 0.8833
0.001698 0.8947
0.001626 0.9049
0.001506 0.9142
0.001491 0.9225
0.001437 0.9301
0.001357 0.9369
0.001318 0.9430
0.001279 0.9486
0.001300 0.9536
0.001199 0.9581
0.001179 0.9622
0.001128 0.9658
0.001110 0.9692
0.001040 0.9722
0.001016 0.9749
0.001015 0.9773
0.000992 0.9795
0.000959 0.9815
0.000953 0.9833
0.000878 0.9849
0.000869 0.9864
0.000832 0.9877
0.000801 0.9889
0.000756 0.9900
layer3.22.conv2
0.008686 0.0000
0.012711 0.4000
0.010924 0.4584
0.010361 0.5111
0.008798 0.5586
0.007636 0.6016
0.007011 0.6403
0.006197 0.6753
0.005681 0.7069
0.005264 0.7354
0.004836 0.7612
0.004581 0.7844
0.003975 0.8054
0.003714 0.8243
0.003360 0.8414
0.003086 0.8568
0.002861 0.8708
0.002611 0.8833
0.002455 0.8947
0.002261 0.9049
0.002151 0.9142
0.002026 0.9225
0.001817 0.9301
0.001735 0.9369
0.001649 0.9430
0.001468 0.9486
0.001419 0.9536
0.001321 0.9581
0.001265 0.9622
0.001206 0.9658
0.001131 0.9692
0.001086 0.9722
0.001028 0.9749
0.000975 0.9773
0.000931 0.9795
0.000865 0.9815
0.000837 0.9833
0.000784 0.9849
0.000748 0.9864
0.000710 0.9877
0.000684 0.9889
0.000641 0.9900
layer3.22.conv3
0.006082 0.0000
0.006296 0.4000
0.005759 0.4584
0.005473 0.5111
0.004957 0.5586
0.004547 0.6016
0.003978 0.6403
0.003813 0.6753
0.003367 0.7069
0.003195 0.7354
0.002932 0.7612
0.002786 0.7844
0.002399 0.8054
0.002335 0.8243
0.002151 0.8414
0.001904 0.8568
0.001766 0.8708
0.001685 0.8833
0.001567 0.8947
0.001470 0.9049
0.001365 0.9142
0.001285 0.9225
0.001226 0.9301
0.001138 0.9369
0.001143 0.9430
0.001093 0.9486
0.001054 0.9536
0.001025 0.9581
0.000977 0.9622
0.000977 0.9658
0.000948 0.9692
0.000930 0.9722
0.000945 0.9749
0.000927 0.9773
0.000895 0.9795
0.000858 0.9815
0.000885 0.9833
0.000883 0.9849
0.000837 0.9864
0.000843 0.9877
0.000826 0.9889
0.000809 0.9900
layer4.0.conv1
0.012042 0.0000
0.013015 0.4000
0.012681 0.4584
0.008969 0.5111
0.008103 0.5586
0.007492 0.6016
0.006698 0.6403
0.006621 0.6753
0.005777 0.7069
0.005406 0.7354
0.005206 0.7612
0.004888 0.7844
0.004282 0.8054
0.004121 0.8243
0.003894 0.8414
0.003537 0.8568
0.003386 0.8708
0.003139 0.8833
0.002990 0.8947
0.002832 0.9049
0.002658 0.9142
0.002512 0.9225
0.002406 0.9301
0.002242 0.9369
0.002175 0.9430
0.002079 0.9486
0.002093 0.9536
0.001941 0.9581
0.001923 0.9622
0.001810 0.9658
0.001791 0.9692
0.001715 0.9722
0.001686 0.9749
0.001660 0.9773
0.001634 0.9795
0.001570 0.9815
0.001568 0.9833
0.001526 0.9849
0.001491 0.9864
0.001505 0.9877
0.001465 0.9889
0.001440 0.9900
layer4.0.conv2
0.018119 0.0000
0.024048 0.4000
0.021817 0.4584
0.018554 0.5111
0.016294 0.5586
0.013701 0.6016
0.012384 0.6403
0.011396 0.6753
0.010307 0.7069
0.009662 0.7354
0.008562 0.7612
0.007834 0.7844
0.006433 0.8054
0.005815 0.8243
0.005089 0.8414
0.004692 0.8568
0.004221 0.8708
0.003731 0.8833
0.003503 0.8947
0.003162 0.9049
0.002888 0.9142
0.002661 0.9225
0.002514 0.9301
0.002435 0.9369
0.002252 0.9430
0.002002 0.9486
0.001950 0.9536
0.001877 0.9581
0.001815 0.9622
0.001592 0.9658
0.001557 0.9692
0.001512 0.9722
0.001439 0.9749
0.001394 0.9773
0.001347 0.9795
0.001256 0.9815
0.001221 0.9833
0.001195 0.9849
0.001128 0.9864
0.001149 0.9877
0.001079 0.9889
0.001077 0.9900
layer4.0.conv3
0.006003 0.0000
0.017294 0.4000
0.012790 0.4584
0.010533 0.5111
0.008076 0.5586
0.006010 0.6016
0.005202 0.6403
0.005286 0.6753
0.004458 0.7069
0.004085 0.7354
0.003907 0.7612
0.003659 0.7844
0.003235 0.8054
0.002989 0.8243
0.002740 0.8414
0.002489 0.8568
0.002239 0.8708
0.001996 0.8833
0.001885 0.8947
0.001649 0.9049
0.001516 0.9142
0.001362 0.9225
0.001268 0.9301
0.001209 0.9369
0.001073 0.9430
0.001049 0.9486
0.000904 0.9536
0.000922 0.9581
0.000862 0.9622
0.000754 0.9658
0.000723 0.9692
0.000748 0.9722
0.000701 0.9749
0.000663 0.9773
0.000626 0.9795
0.000578 0.9815
0.000548 0.9833
0.000552 0.9849
0.000521 0.9864
0.000500 0.9877
0.000510 0.9889
0.000493 0.9900
layer4.0.downsample.0
0.016772 0.0000
0.081712 0.4000
0.068533 0.4584
0.060673 0.5111
0.053623 0.5586
0.042435 0.6016
0.036651 0.6403
0.033757 0.6753
0.028196 0.7069
0.020697 0.7354
0.014091 0.7612
0.007268 0.7844
0.005589 0.8054
0.005061 0.8243
0.004292 0.8414
0.003883 0.8568
0.003562 0.8708
0.003282 0.8833
0.003076 0.8947
0.002832 0.9049
0.002653 0.9142
0.002501 0.9225
0.002327 0.9301
0.002183 0.9369
0.002094 0.9430
0.001899 0.9486
0.001787 0.9536
0.001680 0.9581
0.001598 0.9622
0.001415 0.9658
0.001408 0.9692
0.001281 0.9722
0.001224 0.9749
0.001165 0.9773
0.001050 0.9795
0.001061 0.9815
0.001038 0.9833
0.000937 0.9849
0.000895 0.9864
0.000871 0.9877
0.000850 0.9889
0.000804 0.9900
layer4.1.conv1
0.006415 0.0000
0.017263 0.4000
0.014146 0.4584
0.009496 0.5111
0.007705 0.5586
0.006181 0.6016
0.005509 0.6403
0.005191 0.6753
0.004614 0.7069
0.004123 0.7354
0.003823 0.7612
0.003398 0.7844
0.002854 0.8054
0.002670 0.8243
0.002402 0.8414
0.002210 0.8568
0.002080 0.8708
0.001913 0.8833
0.001778 0.8947
0.001665 0.9049
0.001533 0.9142
0.001415 0.9225
0.001301 0.9301
0.001221 0.9369
0.001121 0.9430
0.001043 0.9486
0.000995 0.9536
0.000980 0.9581
0.000876 0.9622
0.000825 0.9658
0.000873 0.9692
0.000720 0.9722
0.000679 0.9749
0.000654 0.9773
0.000603 0.9795
0.000563 0.9815
0.000538 0.9833
0.000514 0.9849
0.000490 0.9864
0.000489 0.9877
0.000451 0.9889
0.000441 0.9900
layer4.1.conv2
0.014218 0.0000
0.021113 0.4000
0.018459 0.4584
0.016188 0.5111
0.014403 0.5586
0.012116 0.6016
0.010941 0.6403
0.009850 0.6753
0.008863 0.7069
0.007978 0.7354
0.007241 0.7612
0.006451 0.7844
0.005023 0.8054
0.004356 0.8243
0.003722 0.8414
0.003327 0.8568
0.003124 0.8708
0.002799 0.8833
0.002528 0.8947
0.002328 0.9049
0.002135 0.9142
0.001983 0.9225
0.001810 0.9301
0.001682 0.9369
0.001538 0.9430
0.001444 0.9486
0.001360 0.9536
0.001281 0.9581
0.001180 0.9622
0.001113 0.9658
0.001073 0.9692
0.000933 0.9722
0.000925 0.9749
0.000862 0.9773
0.000805 0.9795
0.000802 0.9815
0.000742 0.9833
0.000709 0.9849
0.000682 0.9864
0.000660 0.9877
0.000663 0.9889
0.000645 0.9900
layer4.1.conv3
0.005842 0.0000
0.016403 0.4000
0.013805 0.4584
0.011002 0.5111
0.008697 0.5586
0.006121 0.6016
0.005575 0.6403
0.005160 0.6753
0.004632 0.7069
0.004214 0.7354
0.003974 0.7612
0.003800 0.7844
0.003365 0.8054
0.003076 0.8243
0.002878 0.8414
0.002641 0.8568
0.002456 0.8708
0.002245 0.8833
0.002142 0.8947
0.002022 0.9049
0.001808 0.9142
0.001611 0.9225
0.001468 0.9301
0.001327 0.9369
0.001289 0.9430
0.001098 0.9486
0.001056 0.9536
0.000965 0.9581
0.000949 0.9622
0.000879 0.9658
0.000873 0.9692
0.000810 0.9722
0.000725 0.9749
0.000730 0.9773
0.000646 0.9795
0.000618 0.9815
0.000559 0.9833
0.000530 0.9849
0.000528 0.9864
0.000504 0.9877
0.000490 0.9889
0.000503 0.9900
layer4.2.conv1
0.006468 0.0000
0.016185 0.4000
0.014371 0.4584
0.011458 0.5111
0.008843 0.5586
0.007296 0.6016
0.007051 0.6403
0.004976 0.6753
0.004393 0.7069
0.003950 0.7354
0.003706 0.7612
0.003437 0.7844
0.003098 0.8054
0.002929 0.8243
0.002698 0.8414
0.002652 0.8568
0.002437 0.8708
0.002097 0.8833
0.002031 0.8947
0.001893 0.9049
0.001796 0.9142
0.001728 0.9225
0.001525 0.9301
0.001432 0.9369
0.001432 0.9430
0.001277 0.9486
0.001267 0.9536
0.001130 0.9581
0.001046 0.9622
0.001005 0.9658
0.000938 0.9692
0.000861 0.9722
0.000789 0.9749
0.000749 0.9773
0.000688 0.9795
0.000629 0.9815
0.000586 0.9833
0.000564 0.9849
0.000528 0.9864
0.000528 0.9877
0.000497 0.9889
0.000497 0.9900
layer4.2.conv2
0.014202 0.0000
0.020605 0.4000
0.018645 0.4584
0.016558 0.5111
0.014741 0.5586
0.012264 0.6016
0.011602 0.6403
0.010209 0.6753
0.009078 0.7069
0.008013 0.7354
0.007350 0.7612
0.006668 0.7844
0.005267 0.8054
0.004670 0.8243
0.004121 0.8414
0.003581 0.8568
0.003310 0.8708
0.003030 0.8833
0.002804 0.8947
0.002533 0.9049
0.002363 0.9142
0.002216 0.9225
0.001986 0.9301
0.001846 0.9369
0.001747 0.9430
0.001513 0.9486
0.001507 0.9536
0.001369 0.9581
0.001272 0.9622
0.001187 0.9658
0.001119 0.9692
0.001027 0.9722
0.000974 0.9749
0.000925 0.9773
0.000861 0.9795
0.000795 0.9815
0.000755 0.9833
0.000715 0.9849
0.000669 0.9864
0.000684 0.9877
0.000618 0.9889
0.000604 0.9900
layer4.2.conv3
0.005996 0.0000
0.017055 0.4000
0.013448 0.4584
0.008959 0.5111
0.006830 0.5586
0.005811 0.6016
0.005257 0.6403
0.004851 0.6753
0.004502 0.7069
0.004062 0.7354
0.003850 0.7612
0.003648 0.7844
0.003237 0.8054
0.002989 0.8243
0.002745 0.8414
0.002528 0.8568
0.002290 0.8708
0.002120 0.8833
0.002037 0.8947
0.001846 0.9049
0.001791 0.9142
0.001646 0.9225
0.001456 0.9301
0.001331 0.9369
0.001240 0.9430
0.001204 0.9486
0.001009 0.9536
0.000984 0.9581
0.000909 0.9622
0.000841 0.9658
0.000795 0.9692
0.000749 0.9722
0.000708 0.9749
0.000670 0.9773
0.000667 0.9795
0.000617 0.9815
0.000595 0.9833
0.000555 0.9849
0.000502 0.9864
0.000516 0.9877
0.000500 0.9889
0.000477 0.9900
fc
0.000461 0.0000
0.001559 0.4000
0.001272 0.4584
0.001354 0.5111
0.001189 0.5586
0.001025 0.6016
0.001028 0.6403
0.000964 0.6753
0.000927 0.7069
0.000718 0.7354
0.000677 0.7612
0.000599 0.7844
0.000541 0.8054
0.000484 0.8243
0.000494 0.8414
0.000419 0.8568
0.000397 0.8708
0.000362 0.8833
0.000331 0.8947
0.000311 0.9049
0.000288 0.9142
0.000246 0.9225
0.000217 0.9301
0.000213 0.9369
0.000214 0.9430
0.000222 0.9486
0.000167 0.9536
0.000166 0.9581
0.000160 0.9622
0.000129 0.9658
0.000169 0.9692
0.000131 0.9722
0.000135 0.9749
0.000108 0.9773
0.000118 0.9795
0.000110 0.9815
0.000119 0.9833
0.000109 0.9849
0.000097 0.9864
0.000098 0.9877
0.000084 0.9889
0.000101 0.9900
