base
0.16036389
prunable
0.15593015000000002
conv1
0.018549 0.0000
0.017383 0.4000
0.017501 0.4584
0.016894 0.5111
0.016544 0.5586
0.016599 0.6016
0.017104 0.6403
0.017138 0.6753
0.017424 0.7069
0.017349 0.7354
0.017217 0.7612
0.017257 0.7844
0.016919 0.8054
0.016761 0.8243
0.016753 0.8414
0.016676 0.8568
0.016557 0.8708
0.016541 0.8833
0.016473 0.8947
0.016408 0.9049
0.015988 0.9142
0.017179 0.9225
0.016560 0.9301
0.016733 0.9369
0.016844 0.9430
0.016972 0.9486
0.016958 0.9536
0.016985 0.9581
0.017034 0.9622
0.017053 0.9658
0.017100 0.9692
0.017221 0.9722
0.017169 0.9749
0.017635 0.9773
0.017228 0.9795
0.017266 0.9815
0.017323 0.9833
0.018161 0.9849
0.017499 0.9864
0.017239 0.9877
0.017555 0.9889
0.017556 0.9900
layer1.0.conv1
0.005746 0.0000
0.011302 0.4000
0.010428 0.4584
0.009458 0.5111
0.008642 0.5586
0.007932 0.6016
0.007264 0.6403
0.006843 0.6753
0.006236 0.7069
0.005790 0.7354
0.005464 0.7612
0.005014 0.7844
0.004648 0.8054
0.004567 0.8243
0.004036 0.8414
0.003968 0.8568
0.003690 0.8708
0.003328 0.8833
0.003120 0.8947
0.002987 0.9049
0.002854 0.9142
0.002736 0.9225
0.002627 0.9301
0.002505 0.9369
0.002457 0.9430
0.002480 0.9486
0.002341 0.9536
0.002288 0.9581
0.002261 0.9622
0.002217 0.9658
0.002201 0.9692
0.002217 0.9722
0.002195 0.9749
0.002157 0.9773
0.002147 0.9795
0.002108 0.9815
0.002140 0.9833
0.002093 0.9849
0.002107 0.9864
0.002051 0.9877
0.002038 0.9889
0.002017 0.9900
layer1.0.conv2
0.005445 0.0000
0.010740 0.4000
0.009770 0.4584
0.008949 0.5111
0.008150 0.5586
0.007594 0.6016
0.006919 0.6403
0.006369 0.6753
0.006169 0.7069
0.005593 0.7354
0.005250 0.7612
0.004962 0.7844
0.004536 0.8054
0.004197 0.8243
0.003913 0.8414
0.003628 0.8568
0.003376 0.8708
0.003160 0.8833
0.002997 0.8947
0.002885 0.9049
0.002757 0.9142
0.002634 0.9225
0.002523 0.9301
0.002416 0.9369
0.002413 0.9430
0.002326 0.9486
0.002302 0.9536
0.002260 0.9581
0.002198 0.9622
0.002179 0.9658
0.002146 0.9692
0.002138 0.9722
0.002093 0.9749
0.002077 0.9773
0.002061 0.9795
0.002031 0.9815
0.002017 0.9833
0.001988 0.9849
0.001996 0.9864
0.001981 0.9877
0.001987 0.9889
0.001954 0.9900
layer1.1.conv1
0.005504 0.0000
0.010210 0.4000
0.009477 0.4584
0.008722 0.5111
0.008816 0.5586
0.007567 0.6016
0.006846 0.6403
0.006143 0.6753
0.005768 0.7069
0.005392 0.7354
0.005271 0.7612
0.004826 0.7844
0.004469 0.8054
0.004144 0.8243
0.003880 0.8414
0.003607 0.8568
0.003356 0.8708
0.003112 0.8833
0.002958 0.8947
0.002807 0.9049
0.002737 0.9142
0.002597 0.9225
0.002478 0.9301
0.002444 0.9369
0.002372 0.9430
0.002277 0.9486
0.002255 0.9536
0.002223 0.9581
0.002186 0.9622
0.002162 0.9658
0.002127 0.9692
0.002113 0.9722
0.002089 0.9749
0.002078 0.9773
0.002050 0.9795
0.002034 0.9815
0.002056 0.9833
0.002032 0.9849
0.002018 0.9864
0.001993 0.9877
0.001966 0.9889
0.001965 0.9900
layer1.1.conv2
0.005536 0.0000
0.010662 0.4000
0.009839 0.4584
0.008976 0.5111
0.009052 0.5586
0.007556 0.6016
0.007172 0.6403
0.006281 0.6753
0.006347 0.7069
0.005380 0.7354
0.005025 0.7612
0.004711 0.7844
0.004355 0.8054
0.004071 0.8243
0.003819 0.8414
0.003608 0.8568
0.003428 0.8708
0.003174 0.8833
0.003056 0.8947
0.002860 0.9049
0.002738 0.9142
0.002605 0.9225
0.002498 0.9301
0.002418 0.9369
0.002336 0.9430
0.002318 0.9486
0.002249 0.9536
0.002220 0.9581
0.002197 0.9622
0.002177 0.9658
0.002148 0.9692
0.002129 0.9722
0.002084 0.9749
0.002069 0.9773
0.002050 0.9795
0.002037 0.9815
0.002053 0.9833
0.002055 0.9849
0.002034 0.9864
0.002014 0.9877
0.002007 0.9889
0.001980 0.9900
layer2.0.conv1
0.008001 0.0000
0.005929 0.4000
0.005463 0.4584
0.005182 0.5111
0.004746 0.5586
0.004534 0.6016
0.004121 0.6403
0.004002 0.6753
0.003519 0.7069
0.003373 0.7354
0.003163 0.7612
0.003001 0.7844
0.002793 0.8054
0.002603 0.8243
0.002479 0.8414
0.002357 0.8568
0.002264 0.8708
0.002238 0.8833
0.002097 0.8947
0.002033 0.9049
0.001948 0.9142
0.001918 0.9225
0.001857 0.9301
0.001815 0.9369
0.001787 0.9430
0.001755 0.9486
0.001749 0.9536
0.001714 0.9581
0.001689 0.9622
0.001674 0.9658
0.001661 0.9692
0.001683 0.9722
0.001645 0.9749
0.001628 0.9773
0.001615 0.9795
0.001613 0.9815
0.001608 0.9833
0.001612 0.9849
0.001604 0.9864
0.001602 0.9877
0.001593 0.9889
0.001588 0.9900
layer2.0.conv2
0.005770 0.0000
0.010730 0.4000
0.010315 0.4584
0.008985 0.5111
0.008667 0.5586
0.007663 0.6016
0.006842 0.6403
0.006250 0.6753
0.005841 0.7069
0.005519 0.7354
0.004995 0.7612
0.004445 0.7844
0.004230 0.8054
0.003749 0.8243
0.003579 0.8414
0.003256 0.8568
0.003010 0.8708
0.002837 0.8833
0.002672 0.8947
0.002443 0.9049
0.002320 0.9142
0.002162 0.9225
0.002022 0.9301
0.001881 0.9369
0.001775 0.9430
0.001743 0.9486
0.001592 0.9536
0.001512 0.9581
0.001442 0.9622
0.001366 0.9658
0.001309 0.9692
0.001255 0.9722
0.001206 0.9749
0.001178 0.9773
0.001128 0.9795
0.001093 0.9815
0.001078 0.9833
0.001054 0.9849
0.001038 0.9864
0.001011 0.9877
0.000989 0.9889
0.000953 0.9900
layer2.0.downsample.0
0.001384 0.0000
0.000711 0.4000
0.000658 0.4584
0.000647 0.5111
0.000594 0.5586
0.000547 0.6016
0.000519 0.6403
0.000487 0.6753
0.000467 0.7069
0.000425 0.7354
0.000452 0.7612
0.000449 0.7844
0.000414 0.8054
0.000410 0.8243
0.000388 0.8414
0.000389 0.8568
0.000383 0.8708
0.000379 0.8833
0.000376 0.8947
0.000373 0.9049
0.000366 0.9142
0.000365 0.9225
0.000365 0.9301
0.000360 0.9369
0.000353 0.9430
0.000344 0.9486
0.000341 0.9536
0.000338 0.9581
0.000338 0.9622
0.000324 0.9658
0.000328 0.9692
0.000305 0.9722
0.000316 0.9749
0.000308 0.9773
0.000307 0.9795
0.000298 0.9815
0.000292 0.9833
0.000295 0.9849
0.000280 0.9864
0.000268 0.9877
0.000264 0.9889
0.000250 0.9900
layer2.1.conv1
0.005586 0.0000
0.010576 0.4000
0.009628 0.4584
0.009541 0.5111
0.008537 0.5586
0.007433 0.6016
0.006799 0.6403
0.006234 0.6753
0.005756 0.7069
0.005346 0.7354
0.005058 0.7612
0.004328 0.7844
0.003968 0.8054
0.003664 0.8243
0.003385 0.8414
0.003177 0.8568
0.002913 0.8708
0.002686 0.8833
0.002544 0.8947
0.002333 0.9049
0.002162 0.9142
0.002112 0.9225
0.002021 0.9301
0.001774 0.9369
0.001660 0.9430
0.001581 0.9486
0.001474 0.9536
0.001374 0.9581
0.001313 0.9622
0.001249 0.9658
0.001190 0.9692
0.001125 0.9722
0.001104 0.9749
0.001071 0.9773
0.001020 0.9795
0.000999 0.9815
0.000957 0.9833
0.000945 0.9849
0.000927 0.9864
0.000893 0.9877
0.000891 0.9889
0.000858 0.9900
layer2.1.conv2
0.005364 0.0000
0.010810 0.4000
0.009852 0.4584
0.009188 0.5111
0.008324 0.5586
0.007460 0.6016
0.006914 0.6403
0.006388 0.6753
0.005808 0.7069
0.005467 0.7354
0.004941 0.7612
0.004570 0.7844
0.004436 0.8054
0.003816 0.8243
0.003530 0.8414
0.003167 0.8568
0.002893 0.8708
0.002726 0.8833
0.002532 0.8947
0.002292 0.9049
0.002137 0.9142
0.001989 0.9225
0.001863 0.9301
0.001747 0.9369
0.001702 0.9430
0.001527 0.9486
0.001407 0.9536
0.001321 0.9581
0.001236 0.9622
0.001169 0.9658
0.001098 0.9692
0.001055 0.9722
0.001001 0.9749
0.001036 0.9773
0.000921 0.9795
0.000865 0.9815
0.000830 0.9833
0.000808 0.9849
0.000772 0.9864
0.000746 0.9877
0.000752 0.9889
0.000734 0.9900
layer3.0.conv1
0.007678 0.0000
0.005942 0.4000
0.005488 0.4584
0.005102 0.5111
0.004775 0.5586
0.004254 0.6016
0.004125 0.6403
0.003764 0.6753
0.003442 0.7069
0.003254 0.7354
0.002847 0.7612
0.002658 0.7844
0.002480 0.8054
0.002345 0.8243
0.002170 0.8414
0.002073 0.8568
0.001905 0.8708
0.001773 0.8833
0.001700 0.8947
0.001560 0.9049
0.001425 0.9142
0.001358 0.9225
0.001263 0.9301
0.001196 0.9369
0.001147 0.9430
0.001093 0.9486
0.001018 0.9536
0.000962 0.9581
0.000903 0.9622
0.000887 0.9658
0.000855 0.9692
0.000833 0.9722
0.000821 0.9749
0.000799 0.9773
0.000765 0.9795
0.000740 0.9815
0.000740 0.9833
0.000736 0.9849
0.000719 0.9864
0.000715 0.9877
0.000696 0.9889
0.000692 0.9900
layer3.0.conv2
0.008172 0.0000
0.012591 0.4000
0.011278 0.4584
0.009824 0.5111
0.009101 0.5586
0.007949 0.6016
0.007159 0.6403
0.006722 0.6753
0.006092 0.7069
0.005717 0.7354
0.005062 0.7612
0.004832 0.7844
0.004410 0.8054
0.003998 0.8243
0.003710 0.8414
0.003447 0.8568
0.003166 0.8708
0.002949 0.8833
0.002642 0.8947
0.002528 0.9049
0.002249 0.9142
0.002109 0.9225
0.001978 0.9301
0.001863 0.9369
0.001700 0.9430
0.001610 0.9486
0.001496 0.9536
0.001402 0.9581
0.001339 0.9622
0.001251 0.9658
0.001174 0.9692
0.001109 0.9722
0.001069 0.9749
0.001026 0.9773
0.000980 0.9795
0.000906 0.9815
0.000865 0.9833
0.000845 0.9849
0.000829 0.9864
0.000813 0.9877
0.000800 0.9889
0.000774 0.9900
layer3.0.downsample.0
0.001139 0.0000
0.001030 0.4000
0.001018 0.4584
0.000657 0.5111
0.000588 0.5586
0.000514 0.6016
0.000474 0.6403
0.000508 0.6753
0.000447 0.7069
0.000378 0.7354
0.000354 0.7612
0.000336 0.7844
0.000297 0.8054
0.000277 0.8243
0.000243 0.8414
0.000237 0.8568
0.000213 0.8708
0.000218 0.8833
0.000183 0.8947
0.000171 0.9049
0.000168 0.9142
0.000145 0.9225
0.000134 0.9301
0.000132 0.9369
0.000119 0.9430
0.000114 0.9486
0.000112 0.9536
0.000103 0.9581
0.000102 0.9622
0.000100 0.9658
0.000099 0.9692
0.000098 0.9722
0.000098 0.9749
0.000098 0.9773
0.000095 0.9795
0.000096 0.9815
0.000098 0.9833
0.000099 0.9849
0.000105 0.9864
0.000109 0.9877
0.000122 0.9889
0.000128 0.9900
layer3.1.conv1
0.008368 0.0000
0.011880 0.4000
0.010490 0.4584
0.009687 0.5111
0.008555 0.5586
0.007837 0.6016
0.007122 0.6403
0.006814 0.6753
0.006227 0.7069
0.005449 0.7354
0.004922 0.7612
0.004647 0.7844
0.004326 0.8054
0.003903 0.8243
0.003564 0.8414
0.003280 0.8568
0.003064 0.8708
0.002851 0.8833
0.002647 0.8947
0.002425 0.9049
0.002153 0.9142
0.001951 0.9225
0.001887 0.9301
0.001664 0.9369
0.001545 0.9430
0.001412 0.9486
0.001290 0.9536
0.001233 0.9581
0.001112 0.9622
0.001059 0.9658
0.000965 0.9692
0.000909 0.9722
0.000852 0.9749
0.000807 0.9773
0.000769 0.9795
0.000719 0.9815
0.000678 0.9833
0.000654 0.9849
0.000638 0.9864
0.000599 0.9877
0.000557 0.9889
0.000548 0.9900
layer3.1.conv2
0.008370 0.0000
0.012683 0.4000
0.011180 0.4584
0.010246 0.5111
0.009256 0.5586
0.008266 0.6016
0.007564 0.6403
0.006784 0.6753
0.006495 0.7069
0.005888 0.7354
0.005279 0.7612
0.004851 0.7844
0.004497 0.8054
0.004270 0.8243
0.003782 0.8414
0.003478 0.8568
0.003271 0.8708
0.002934 0.8833
0.002766 0.8947
0.002618 0.9049
0.002365 0.9142
0.002123 0.9225
0.001941 0.9301
0.001791 0.9369
0.001681 0.9430
0.001540 0.9486
0.001417 0.9536
0.001324 0.9581
0.001235 0.9622
0.001168 0.9658
0.001091 0.9692
0.001006 0.9722
0.000912 0.9749
0.000918 0.9773
0.000787 0.9795
0.000753 0.9815
0.000682 0.9833
0.000655 0.9849
0.000633 0.9864
0.000606 0.9877
0.000550 0.9889
0.000550 0.9900
layer4.0.conv1
0.009234 0.0000
0.009764 0.4000
0.009034 0.4584
0.008031 0.5111
0.007074 0.5586
0.005477 0.6016
0.004848 0.6403
0.004358 0.6753
0.004114 0.7069
0.003463 0.7354
0.003258 0.7612
0.002780 0.7844
0.002555 0.8054
0.002345 0.8243
0.002122 0.8414
0.001957 0.8568
0.001831 0.8708
0.001733 0.8833
0.001619 0.8947
0.001537 0.9049
0.001374 0.9142
0.001380 0.9225
0.001242 0.9301
0.001097 0.9369
0.001036 0.9430
0.001000 0.9486
0.000906 0.9536
0.000863 0.9581
0.000826 0.9622
0.000769 0.9658
0.000728 0.9692
0.000702 0.9722
0.000658 0.9749
0.000646 0.9773
0.000598 0.9795
0.000571 0.9815
0.000545 0.9833
0.000543 0.9849
0.000544 0.9864
0.000513 0.9877
0.000521 0.9889
0.000494 0.9900
layer4.0.conv2
0.015216 0.0000
0.018677 0.4000
0.017047 0.4584
0.015555 0.5111
0.014716 0.5586
0.012617 0.6016
0.011405 0.6403
0.010634 0.6753
0.009405 0.7069
0.008541 0.7354
0.007454 0.7612
0.006372 0.7844
0.005380 0.8054
0.004503 0.8243
0.003978 0.8414
0.003528 0.8568
0.003268 0.8708
0.003001 0.8833
0.002688 0.8947
0.002492 0.9049
0.002344 0.9142
0.002164 0.9225
0.002113 0.9301
0.001826 0.9369
0.001714 0.9430
0.001522 0.9486
0.001478 0.9536
0.001367 0.9581
0.001216 0.9622
0.001222 0.9658
0.001070 0.9692
0.000998 0.9722
0.000989 0.9749
0.000942 0.9773
0.000832 0.9795
0.000806 0.9815
0.000780 0.9833
0.000769 0.9849
0.000721 0.9864
0.000706 0.9877
0.000653 0.9889
0.000660 0.9900
layer4.0.downsample.0
0.001127 0.0000
0.001699 0.4000
0.001605 0.4584
0.001495 0.5111
0.001389 0.5586
0.001263 0.6016
0.001184 0.6403
0.001096 0.6753
0.001009 0.7069
0.000845 0.7354
0.000697 0.7612
0.000599 0.7844
0.000474 0.8054
0.000399 0.8243
0.000332 0.8414
0.000288 0.8568
0.000259 0.8708
0.000240 0.8833
0.000230 0.8947
0.000196 0.9049
0.000183 0.9142
0.000172 0.9225
0.000157 0.9301
0.000127 0.9369
0.000121 0.9430
0.000111 0.9486
0.000100 0.9536
0.000093 0.9581
0.000086 0.9622
0.000085 0.9658
0.000074 0.9692
0.000072 0.9722
0.000068 0.9749
0.000063 0.9773
0.000057 0.9795
0.000056 0.9815
0.000058 0.9833
0.000056 0.9849
0.000058 0.9864
0.000058 0.9877
0.000061 0.9889
0.000056 0.9900
layer4.1.conv1
0.014812 0.0000
0.019435 0.4000
0.017975 0.4584
0.016455 0.5111
0.014944 0.5586
0.013308 0.6016
0.012055 0.6403
0.011320 0.6753
0.010537 0.7069
0.008830 0.7354
0.007670 0.7612
0.006869 0.7844
0.005456 0.8054
0.004664 0.8243
0.004177 0.8414
0.003546 0.8568
0.003436 0.8708
0.003032 0.8833
0.002877 0.8947
0.002719 0.9049
0.002308 0.9142
0.002166 0.9225
0.001994 0.9301
0.001758 0.9369
0.001642 0.9430
0.001470 0.9486
0.001407 0.9536
0.001335 0.9581
0.001180 0.9622
0.001195 0.9658
0.001034 0.9692
0.000956 0.9722
0.000970 0.9749
0.000870 0.9773
0.000767 0.9795
0.000727 0.9815
0.000694 0.9833
0.000661 0.9849
0.000638 0.9864
0.000599 0.9877
0.000607 0.9889
0.000600 0.9900
layer4.1.conv2
0.014792 0.0000
0.020429 0.4000
0.018411 0.4584
0.016961 0.5111
0.015794 0.5586
0.013611 0.6016
0.012218 0.6403
0.011237 0.6753
0.010446 0.7069
0.009450 0.7354
0.008088 0.7612
0.007006 0.7844
0.005540 0.8054
0.004710 0.8243
0.004151 0.8414
0.003813 0.8568
0.003182 0.8708
0.002990 0.8833
0.002682 0.8947
0.002406 0.9049
0.002265 0.9142
0.002054 0.9225
0.001864 0.9301
0.001720 0.9369
0.001620 0.9430
0.001463 0.9486
0.001450 0.9536
0.001344 0.9581
0.001173 0.9622
0.001207 0.9658
0.001059 0.9692
0.000978 0.9722
0.000940 0.9749
0.000891 0.9773
0.000788 0.9795
0.000755 0.9815
0.000711 0.9833
0.000697 0.9849
0.000678 0.9864
0.000626 0.9877
0.000607 0.9889
0.000579 0.9900
fc
0.000139 0.0000
0.000441 0.4000
0.000470 0.4584
0.000400 0.5111
0.000383 0.5586
0.000330 0.6016
0.000316 0.6403
0.000333 0.6753
0.000266 0.7069
0.000265 0.7354
0.000205 0.7612
0.000201 0.7844
0.000199 0.8054
0.000165 0.8243
0.000140 0.8414
0.000128 0.8568
0.000122 0.8708
0.000121 0.8833
0.000102 0.8947
0.000100 0.9049
0.000085 0.9142
0.000083 0.9225
0.000077 0.9301
0.000078 0.9369
0.000067 0.9430
0.000072 0.9486
0.000060 0.9536
0.000062 0.9581
0.000059 0.9622
0.000067 0.9658
0.000071 0.9692
0.000073 0.9722
0.000069 0.9749
0.000079 0.9773
0.000067 0.9795
0.000062 0.9815
0.000059 0.9833
0.000059 0.9849
0.000065 0.9864
0.000059 0.9877
0.000057 0.9889
0.000055 0.9900
