base
0.2828465
prunable
0.27930531
conv1
0.013522 0.0000
0.013303 0.4000
0.013296 0.4584
0.013348 0.5111
0.013308 0.5586
0.013272 0.6016
0.013295 0.6403
0.013309 0.6753
0.013344 0.7069
0.013414 0.7354
0.013423 0.7612
0.013350 0.7844
0.013181 0.8054
0.013029 0.8243
0.012973 0.8414
0.012961 0.8568
0.012930 0.8708
0.012924 0.8833
0.012956 0.8947
0.012924 0.9049
0.012979 0.9142
0.012872 0.9225
0.012968 0.9301
0.012960 0.9369
0.012985 0.9430
0.013019 0.9486
0.012913 0.9536
0.013061 0.9581
0.013050 0.9622
0.013073 0.9658
0.013171 0.9692
0.013210 0.9722
0.013219 0.9749
0.013207 0.9773
0.013249 0.9795
0.013204 0.9815
0.013277 0.9833
0.013320 0.9849
0.013341 0.9864
0.013272 0.9877
0.013359 0.9889
0.013337 0.9900
layer1.0.conv1
0.006298 0.0000
0.010987 0.4000
0.009946 0.4584
0.009352 0.5111
0.008570 0.5586
0.007998 0.6016
0.007693 0.6403
0.007021 0.6753
0.006580 0.7069
0.006141 0.7354
0.005853 0.7612
0.005370 0.7844
0.005032 0.8054
0.004793 0.8243
0.004519 0.8414
0.004296 0.8568
0.004033 0.8708
0.003833 0.8833
0.003645 0.8947
0.003466 0.9049
0.003295 0.9142
0.003183 0.9225
0.002977 0.9301
0.002900 0.9369
0.002791 0.9430
0.002717 0.9486
0.002620 0.9536
0.002532 0.9581
0.002489 0.9622
0.002434 0.9658
0.002383 0.9692
0.002327 0.9722
0.002277 0.9749
0.002262 0.9773
0.002206 0.9795
0.002239 0.9815
0.002208 0.9833
0.002164 0.9849
0.002154 0.9864
0.002098 0.9877
0.002083 0.9889
0.002100 0.9900
layer1.0.conv2
0.005780 0.0000
0.010285 0.4000
0.009985 0.4584
0.008873 0.5111
0.008146 0.5586
0.007742 0.6016
0.007025 0.6403
0.006623 0.6753
0.006033 0.7069
0.005786 0.7354
0.005333 0.7612
0.004927 0.7844
0.004590 0.8054
0.004312 0.8243
0.004116 0.8414
0.003823 0.8568
0.003520 0.8708
0.003381 0.8833
0.003124 0.8947
0.003022 0.9049
0.002870 0.9142
0.002758 0.9225
0.002628 0.9301
0.002603 0.9369
0.002474 0.9430
0.002436 0.9486
0.002366 0.9536
0.002331 0.9581
0.002315 0.9622
0.002265 0.9658
0.002219 0.9692
0.002178 0.9722
0.002166 0.9749
0.002132 0.9773
0.002099 0.9795
0.002137 0.9815
0.002156 0.9833
0.002114 0.9849
0.002059 0.9864
0.001999 0.9877
0.002045 0.9889
0.002044 0.9900
layer1.1.conv1
0.005729 0.0000
0.010649 0.4000
0.009467 0.4584
0.009202 0.5111
0.008229 0.5586
0.007280 0.6016
0.006995 0.6403
0.006242 0.6753
0.006062 0.7069
0.005464 0.7354
0.005165 0.7612
0.004769 0.7844
0.004428 0.8054
0.004375 0.8243
0.003842 0.8414
0.003612 0.8568
0.003413 0.8708
0.003234 0.8833
0.003038 0.8947
0.002938 0.9049
0.002771 0.9142
0.002671 0.9225
0.002523 0.9301
0.002515 0.9369
0.002456 0.9430
0.002405 0.9486
0.002340 0.9536
0.002276 0.9581
0.002280 0.9622
0.002191 0.9658
0.002171 0.9692
0.002139 0.9722
0.002115 0.9749
0.002125 0.9773
0.002042 0.9795
0.002057 0.9815
0.002022 0.9833
0.002033 0.9849
0.001994 0.9864
0.001948 0.9877
0.001974 0.9889
0.001969 0.9900
layer1.1.conv2
0.005882 0.0000
0.010454 0.4000
0.009598 0.4584
0.009019 0.5111
0.008235 0.5586
0.007668 0.6016
0.007049 0.6403
0.006477 0.6753
0.005980 0.7069
0.005934 0.7354
0.005224 0.7612
0.004818 0.7844
0.004490 0.8054
0.004193 0.8243
0.004202 0.8414
0.003765 0.8568
0.003490 0.8708
0.003329 0.8833
0.003134 0.8947
0.003004 0.9049
0.002830 0.9142
0.002762 0.9225
0.002660 0.9301
0.002599 0.9369
0.002495 0.9430
0.002437 0.9486
0.002437 0.9536
0.002353 0.9581
0.002328 0.9622
0.002240 0.9658
0.002206 0.9692
0.002187 0.9722
0.002183 0.9749
0.002152 0.9773
0.002100 0.9795
0.002110 0.9815
0.002087 0.9833
0.002110 0.9849
0.002065 0.9864
0.002008 0.9877
0.002036 0.9889
0.002031 0.9900
layer1.2.conv1
0.005588 0.0000
0.010699 0.4000
0.009949 0.4584
0.008895 0.5111
0.008075 0.5586
0.007597 0.6016
0.006873 0.6403
0.006287 0.6753
0.005951 0.7069
0.005459 0.7354
0.005038 0.7612
0.004966 0.7844
0.004408 0.8054
0.004062 0.8243
0.003824 0.8414
0.003625 0.8568
0.003412 0.8708
0.003184 0.8833
0.002994 0.8947
0.002891 0.9049
0.002781 0.9142
0.002660 0.9225
0.002513 0.9301
0.002512 0.9369
0.002428 0.9430
0.002387 0.9486
0.002340 0.9536
0.002289 0.9581
0.002276 0.9622
0.002215 0.9658
0.002190 0.9692
0.002146 0.9722
0.002133 0.9749
0.002160 0.9773
0.002052 0.9795
0.002108 0.9815
0.002093 0.9833
0.002075 0.9849
0.002028 0.9864
0.001971 0.9877
0.001997 0.9889
0.001990 0.9900
layer1.2.conv2
0.005747 0.0000
0.010418 0.4000
0.009571 0.4584
0.008960 0.5111
0.008247 0.5586
0.007836 0.6016
0.007243 0.6403
0.006486 0.6753
0.006032 0.7069
0.005613 0.7354
0.005210 0.7612
0.004897 0.7844
0.004521 0.8054
0.004325 0.8243
0.004027 0.8414
0.004078 0.8568
0.003525 0.8708
0.003347 0.8833
0.003169 0.8947
0.002997 0.9049
0.002804 0.9142
0.002715 0.9225
0.002624 0.9301
0.002596 0.9369
0.002493 0.9430
0.002426 0.9486
0.002384 0.9536
0.002327 0.9581
0.002312 0.9622
0.002248 0.9658
0.002230 0.9692
0.002213 0.9722
0.002224 0.9749
0.002235 0.9773
0.002129 0.9795
0.002140 0.9815
0.002113 0.9833
0.002121 0.9849
0.002074 0.9864
0.002024 0.9877
0.002060 0.9889
0.002032 0.9900
layer2.0.conv1
0.007527 0.0000
0.005876 0.4000
0.005465 0.4584
0.005106 0.5111
0.004701 0.5586
0.004398 0.6016
0.004128 0.6403
0.003739 0.6753
0.003541 0.7069
0.003331 0.7354
0.003156 0.7612
0.002900 0.7844
0.002753 0.8054
0.002705 0.8243
0.002501 0.8414
0.002404 0.8568
0.002244 0.8708
0.002123 0.8833
0.002086 0.8947
0.002042 0.9049
0.001950 0.9142
0.001894 0.9225
0.001845 0.9301
0.001842 0.9369
0.001781 0.9430
0.001780 0.9486
0.001729 0.9536
0.001702 0.9581
0.001648 0.9622
0.001660 0.9658
0.001612 0.9692
0.001621 0.9722
0.001597 0.9749
0.001576 0.9773
0.001577 0.9795
0.001580 0.9815
0.001533 0.9833
0.001562 0.9849
0.001541 0.9864
0.001514 0.9877
0.001501 0.9889
0.001519 0.9900
layer2.0.conv2
0.005906 0.0000
0.010801 0.4000
0.009882 0.4584
0.009185 0.5111
0.008331 0.5586
0.007550 0.6016
0.006963 0.6403
0.006508 0.6753
0.006189 0.7069
0.005588 0.7354
0.005131 0.7612
0.004712 0.7844
0.004485 0.8054
0.004172 0.8243
0.003818 0.8414
0.003525 0.8568
0.003246 0.8708
0.003094 0.8833
0.002859 0.8947
0.002646 0.9049
0.002516 0.9142
0.002362 0.9225
0.002194 0.9301
0.002111 0.9369
0.001989 0.9430
0.001882 0.9486
0.001797 0.9536
0.001682 0.9581
0.001625 0.9622
0.001587 0.9658
0.001516 0.9692
0.001430 0.9722
0.001441 0.9749
0.001374 0.9773
0.001334 0.9795
0.001266 0.9815
0.001275 0.9833
0.001196 0.9849
0.001155 0.9864
0.001127 0.9877
0.001128 0.9889
0.001075 0.9900
layer2.0.downsample.0
0.001348 0.0000
0.000676 0.4000
0.000728 0.4584
0.000623 0.5111
0.000574 0.5586
0.000591 0.6016
0.000501 0.6403
0.000554 0.6753
0.000498 0.7069
0.000484 0.7354
0.000474 0.7612
0.000658 0.7844
0.000483 0.8054
0.000445 0.8243
0.000459 0.8414
0.000429 0.8568
0.000424 0.8708
0.000433 0.8833
0.000400 0.8947
0.000396 0.9049
0.000394 0.9142
0.000416 0.9225
0.000365 0.9301
0.000416 0.9369
0.000389 0.9430
0.000385 0.9486
0.000370 0.9536
0.000377 0.9581
0.000428 0.9622
0.000409 0.9658
0.000396 0.9692
0.000376 0.9722
0.000416 0.9749
0.000333 0.9773
0.000448 0.9795
0.000361 0.9815
0.000334 0.9833
0.000365 0.9849
0.000307 0.9864
0.000345 0.9877
0.000371 0.9889
0.000280 0.9900
layer2.1.conv1
0.005829 0.0000
0.010589 0.4000
0.009726 0.4584
0.008935 0.5111
0.008357 0.5586
0.007514 0.6016
0.006829 0.6403
0.006303 0.6753
0.005838 0.7069
0.005381 0.7354
0.005053 0.7612
0.004744 0.7844
0.004220 0.8054
0.004023 0.8243
0.003595 0.8414
0.003465 0.8568
0.003183 0.8708
0.002926 0.8833
0.002667 0.8947
0.002487 0.9049
0.002430 0.9142
0.002232 0.9225
0.002069 0.9301
0.001994 0.9369
0.001814 0.9430
0.001771 0.9486
0.001622 0.9536
0.001592 0.9581
0.001557 0.9622
0.001470 0.9658
0.001350 0.9692
0.001255 0.9722
0.001292 0.9749
0.001210 0.9773
0.001250 0.9795
0.001094 0.9815
0.001085 0.9833
0.001041 0.9849
0.000991 0.9864
0.000984 0.9877
0.001043 0.9889
0.000925 0.9900
layer2.1.conv2
0.005391 0.0000
0.010450 0.4000
0.009617 0.4584
0.008845 0.5111
0.008174 0.5586
0.007358 0.6016
0.006737 0.6403
0.006198 0.6753
0.005941 0.7069
0.005288 0.7354
0.004859 0.7612
0.004462 0.7844
0.004073 0.8054
0.003793 0.8243
0.003514 0.8414
0.003356 0.8568
0.003023 0.8708
0.002836 0.8833
0.002663 0.8947
0.002385 0.9049
0.002285 0.9142
0.002069 0.9225
0.001917 0.9301
0.001828 0.9369
0.001679 0.9430
0.001661 0.9486
0.001472 0.9536
0.001402 0.9581
0.001379 0.9622
0.001298 0.9658
0.001197 0.9692
0.001149 0.9722
0.001192 0.9749
0.001147 0.9773
0.001142 0.9795
0.001031 0.9815
0.000963 0.9833
0.000940 0.9849
0.000883 0.9864
0.000925 0.9877
0.000977 0.9889
0.000810 0.9900
layer2.2.conv1
0.005369 0.0000
0.010379 0.4000
0.009486 0.4584
0.008810 0.5111
0.007993 0.5586
0.007150 0.6016
0.006554 0.6403
0.006042 0.6753
0.005609 0.7069
0.005156 0.7354
0.004756 0.7612
0.004342 0.7844
0.004017 0.8054
0.003670 0.8243
0.003611 0.8414
0.003223 0.8568
0.002922 0.8708
0.002697 0.8833
0.002490 0.8947
0.002437 0.9049
0.002294 0.9142
0.002009 0.9225
0.001868 0.9301
0.001764 0.9369
0.001634 0.9430
0.001537 0.9486
0.001439 0.9536
0.001349 0.9581
0.001346 0.9622
0.001226 0.9658
0.001119 0.9692
0.001029 0.9722
0.001035 0.9749
0.001051 0.9773
0.001056 0.9795
0.000933 0.9815
0.000859 0.9833
0.000869 0.9849
0.000798 0.9864
0.000888 0.9877
0.000911 0.9889
0.000737 0.9900
layer2.2.conv2
0.005462 0.0000
0.010689 0.4000
0.009844 0.4584
0.008949 0.5111
0.008289 0.5586
0.007514 0.6016
0.006873 0.6403
0.006275 0.6753
0.005820 0.7069
0.005381 0.7354
0.004962 0.7612
0.004588 0.7844
0.004255 0.8054
0.004062 0.8243
0.003679 0.8414
0.003497 0.8568
0.003112 0.8708
0.002900 0.8833
0.002679 0.8947
0.002554 0.9049
0.002388 0.9142
0.002105 0.9225
0.001945 0.9301
0.001893 0.9369
0.001692 0.9430
0.001628 0.9486
0.001481 0.9536
0.001412 0.9581
0.001330 0.9622
0.001287 0.9658
0.001146 0.9692
0.001081 0.9722
0.001061 0.9749
0.001058 0.9773
0.001098 0.9795
0.000955 0.9815
0.000862 0.9833
0.000888 0.9849
0.000822 0.9864
0.000963 0.9877
0.000900 0.9889
0.000743 0.9900
layer2.3.conv1
0.005444 0.0000
0.010350 0.4000
0.009529 0.4584
0.008784 0.5111
0.008033 0.5586
0.007289 0.6016
0.006564 0.6403
0.005987 0.6753
0.005591 0.7069
0.005196 0.7354
0.004792 0.7612
0.004325 0.7844
0.004004 0.8054
0.003780 0.8243
0.003437 0.8414
0.003258 0.8568
0.002965 0.8708
0.002743 0.8833
0.002587 0.8947
0.002359 0.9049
0.002208 0.9142
0.002007 0.9225
0.001872 0.9301
0.001776 0.9369
0.001634 0.9430
0.001521 0.9486
0.001412 0.9536
0.001387 0.9581
0.001321 0.9622
0.001207 0.9658
0.001090 0.9692
0.001017 0.9722
0.000994 0.9749
0.001015 0.9773
0.001009 0.9795
0.000879 0.9815
0.000822 0.9833
0.000823 0.9849
0.000761 0.9864
0.000917 0.9877
0.000885 0.9889
0.000713 0.9900
layer2.3.conv2
0.005455 0.0000
0.010639 0.4000
0.009702 0.4584
0.009011 0.5111
0.008190 0.5586
0.007517 0.6016
0.006824 0.6403
0.006274 0.6753
0.005878 0.7069
0.005530 0.7354
0.004979 0.7612
0.004576 0.7844
0.004202 0.8054
0.003933 0.8243
0.003742 0.8414
0.003549 0.8568
0.003201 0.8708
0.002912 0.8833
0.002808 0.8947
0.002541 0.9049
0.002339 0.9142
0.002119 0.9225
0.001980 0.9301
0.001920 0.9369
0.001781 0.9430
0.001648 0.9486
0.001519 0.9536
0.001430 0.9581
0.001354 0.9622
0.001273 0.9658
0.001186 0.9692
0.001094 0.9722
0.001070 0.9749
0.001042 0.9773
0.001074 0.9795
0.000968 0.9815
0.000871 0.9833
0.000870 0.9849
0.000840 0.9864
0.001006 0.9877
0.000888 0.9889
0.000748 0.9900
layer3.0.conv1
0.007352 0.0000
0.005941 0.4000
0.005479 0.4584
0.005071 0.5111
0.004726 0.5586
0.004191 0.6016
0.003956 0.6403
0.003609 0.6753
0.003345 0.7069
0.003141 0.7354
0.002884 0.7612
0.002674 0.7844
0.002457 0.8054
0.002383 0.8243
0.002184 0.8414
0.002014 0.8568
0.001893 0.8708
0.001746 0.8833
0.001628 0.8947
0.001580 0.9049
0.001444 0.9142
0.001370 0.9225
0.001279 0.9301
0.001217 0.9369
0.001145 0.9430
0.001115 0.9486
0.001078 0.9536
0.000987 0.9581
0.001021 0.9622
0.000965 0.9658
0.000926 0.9692
0.000909 0.9722
0.000934 0.9749
0.000848 0.9773
0.000862 0.9795
0.000848 0.9815
0.000803 0.9833
0.000824 0.9849
0.000802 0.9864
0.000809 0.9877
0.000848 0.9889
0.000776 0.9900
layer3.0.conv2
0.008342 0.0000
0.012429 0.4000
0.010944 0.4584
0.009828 0.5111
0.008802 0.5586
0.007754 0.6016
0.006914 0.6403
0.006371 0.6753
0.005778 0.7069
0.005365 0.7354
0.004899 0.7612
0.004484 0.7844
0.004249 0.8054
0.003889 0.8243
0.003474 0.8414
0.003248 0.8568
0.003033 0.8708
0.002827 0.8833
0.002623 0.8947
0.002470 0.9049
0.002197 0.9142
0.002036 0.9225
0.001926 0.9301
0.001808 0.9369
0.001693 0.9430
0.001544 0.9486
0.001496 0.9536
0.001357 0.9581
0.001284 0.9622
0.001216 0.9658
0.001185 0.9692
0.001129 0.9722
0.001003 0.9749
0.000957 0.9773
0.000921 0.9795
0.000867 0.9815
0.000835 0.9833
0.000821 0.9849
0.000815 0.9864
0.000790 0.9877
0.000776 0.9889
0.000796 0.9900
layer3.0.downsample.0
0.001119 0.0000
0.001136 0.4000
0.001093 0.4584
0.000834 0.5111
0.000582 0.5586
0.000550 0.6016
0.000504 0.6403
0.000430 0.6753
0.000401 0.7069
0.000381 0.7354
0.000341 0.7612
0.000320 0.7844
0.000306 0.8054
0.000276 0.8243
0.000266 0.8414
0.000249 0.8568
0.000227 0.8708
0.000221 0.8833
0.000200 0.8947
0.000188 0.9049
0.000191 0.9142
0.000176 0.9225
0.000162 0.9301
0.000167 0.9369
0.000151 0.9430
0.000147 0.9486
0.000146 0.9536
0.000142 0.9581
0.000132 0.9622
0.000137 0.9658
0.000144 0.9692
0.000125 0.9722
0.000134 0.9749
0.000120 0.9773
0.000128 0.9795
0.000113 0.9815
0.000114 0.9833
0.000131 0.9849
0.000125 0.9864
0.000130 0.9877
0.000130 0.9889
0.000144 0.9900
layer3.1.conv1
0.008818 0.0000
0.012088 0.4000
0.010855 0.4584
0.009807 0.5111
0.009094 0.5586
0.007901 0.6016
0.006790 0.6403
0.006182 0.6753
0.005797 0.7069
0.005258 0.7354
0.004987 0.7612
0.004414 0.7844
0.004118 0.8054
0.003713 0.8243
0.003481 0.8414
0.003181 0.8568
0.002954 0.8708
0.002749 0.8833
0.002474 0.8947
0.002361 0.9049
0.002145 0.9142
0.001988 0.9225
0.001834 0.9301
0.001690 0.9369
0.001566 0.9430
0.001418 0.9486
0.001321 0.9536
0.001244 0.9581
0.001145 0.9622
0.001066 0.9658
0.000982 0.9692
0.000928 0.9722
0.000871 0.9749
0.000822 0.9773
0.000765 0.9795
0.000729 0.9815
0.000683 0.9833
0.000688 0.9849
0.000666 0.9864
0.000666 0.9877
0.000621 0.9889
0.000592 0.9900
layer3.1.conv2
0.008390 0.0000
0.012799 0.4000
0.011169 0.4584
0.010265 0.5111
0.009094 0.5586
0.008019 0.6016
0.007081 0.6403
0.006295 0.6753
0.005946 0.7069
0.005535 0.7354
0.005002 0.7612
0.004614 0.7844
0.004305 0.8054
0.003974 0.8243
0.003657 0.8414
0.003407 0.8568
0.003152 0.8708
0.002936 0.8833
0.002717 0.8947
0.002498 0.9049
0.002265 0.9142
0.002109 0.9225
0.001939 0.9301
0.001841 0.9369
0.001618 0.9430
0.001484 0.9486
0.001415 0.9536
0.001302 0.9581
0.001245 0.9622
0.001114 0.9658
0.001048 0.9692
0.000986 0.9722
0.000941 0.9749
0.000854 0.9773
0.000822 0.9795
0.000749 0.9815
0.000721 0.9833
0.000705 0.9849
0.000659 0.9864
0.000651 0.9877
0.000609 0.9889
0.000619 0.9900
layer3.2.conv1
0.008546 0.0000
0.012124 0.4000
0.010956 0.4584
0.010203 0.5111
0.009149 0.5586
0.007840 0.6016
0.006987 0.6403
0.006341 0.6753
0.006014 0.7069
0.005346 0.7354
0.005028 0.7612
0.004503 0.7844
0.004157 0.8054
0.003819 0.8243
0.003593 0.8414
0.003310 0.8568
0.003182 0.8708
0.002848 0.8833
0.002578 0.8947
0.002479 0.9049
0.002184 0.9142
0.002060 0.9225
0.001826 0.9301
0.001735 0.9369
0.001578 0.9430
0.001463 0.9486
0.001313 0.9536
0.001244 0.9581
0.001137 0.9622
0.001054 0.9658
0.000958 0.9692
0.000909 0.9722
0.000845 0.9749
0.000806 0.9773
0.000730 0.9795
0.000676 0.9815
0.000654 0.9833
0.000673 0.9849
0.000644 0.9864
0.000602 0.9877
0.000553 0.9889
0.000570 0.9900
layer3.2.conv2
0.008338 0.0000
0.012577 0.4000
0.011340 0.4584
0.010289 0.5111
0.009304 0.5586
0.008312 0.6016
0.007208 0.6403
0.006690 0.6753
0.006071 0.7069
0.005710 0.7354
0.005071 0.7612
0.004664 0.7844
0.004473 0.8054
0.004145 0.8243
0.003817 0.8414
0.003574 0.8568
0.003282 0.8708
0.003018 0.8833
0.002757 0.8947
0.002541 0.9049
0.002385 0.9142
0.002159 0.9225
0.001964 0.9301
0.001871 0.9369
0.001659 0.9430
0.001506 0.9486
0.001386 0.9536
0.001303 0.9581
0.001235 0.9622
0.001095 0.9658
0.001038 0.9692
0.000943 0.9722
0.000897 0.9749
0.000832 0.9773
0.000772 0.9795
0.000727 0.9815
0.000669 0.9833
0.000663 0.9849
0.000624 0.9864
0.000609 0.9877
0.000562 0.9889
0.000557 0.9900
layer3.3.conv1
0.008346 0.0000
0.012537 0.4000
0.011177 0.4584
0.010039 0.5111
0.009088 0.5586
0.007859 0.6016
0.006849 0.6403
0.006344 0.6753
0.005928 0.7069
0.005450 0.7354
0.005040 0.7612
0.004442 0.7844
0.004178 0.8054
0.003799 0.8243
0.003552 0.8414
0.003312 0.8568
0.003079 0.8708
0.002846 0.8833
0.002569 0.8947
0.002410 0.9049
0.002180 0.9142
0.002015 0.9225
0.001812 0.9301
0.001714 0.9369
0.001582 0.9430
0.001442 0.9486
0.001287 0.9536
0.001194 0.9581
0.001100 0.9622
0.001050 0.9658
0.000926 0.9692
0.000865 0.9722
0.000806 0.9749
0.000759 0.9773
0.000698 0.9795
0.000649 0.9815
0.000618 0.9833
0.000581 0.9849
0.000566 0.9864
0.000547 0.9877
0.000510 0.9889
0.000523 0.9900
layer3.3.conv2
0.008260 0.0000
0.012653 0.4000
0.011423 0.4584
0.010176 0.5111
0.009186 0.5586
0.008257 0.6016
0.007635 0.6403
0.006922 0.6753
0.006247 0.7069
0.005837 0.7354
0.005231 0.7612
0.004854 0.7844
0.004656 0.8054
0.004309 0.8243
0.003948 0.8414
0.003651 0.8568
0.003426 0.8708
0.003101 0.8833
0.002876 0.8947
0.002602 0.9049
0.002384 0.9142
0.002194 0.9225
0.002045 0.9301
0.001901 0.9369
0.001698 0.9430
0.001550 0.9486
0.001463 0.9536
0.001327 0.9581
0.001222 0.9622
0.001112 0.9658
0.001048 0.9692
0.000951 0.9722
0.000907 0.9749
0.000835 0.9773
0.000763 0.9795
0.000713 0.9815
0.000667 0.9833
0.000649 0.9849
0.000606 0.9864
0.000571 0.9877
0.000543 0.9889
0.000553 0.9900
layer3.4.conv1
0.008337 0.0000
0.012108 0.4000
0.010610 0.4584
0.009781 0.5111
0.009116 0.5586
0.007546 0.6016
0.007040 0.6403
0.006358 0.6753
0.005776 0.7069
0.005269 0.7354
0.004850 0.7612
0.004433 0.7844
0.004190 0.8054
0.003781 0.8243
0.003562 0.8414
0.003410 0.8568
0.003063 0.8708
0.002860 0.8833
0.002542 0.8947
0.002406 0.9049
0.002173 0.9142
0.002050 0.9225
0.001839 0.9301
0.001703 0.9369
0.001568 0.9430
0.001425 0.9486
0.001363 0.9536
0.001218 0.9581
0.001103 0.9622
0.001035 0.9658
0.000939 0.9692
0.000863 0.9722
0.000806 0.9749
0.000768 0.9773
0.000700 0.9795
0.000649 0.9815
0.000617 0.9833
0.000572 0.9849
0.000541 0.9864
0.000513 0.9877
0.000496 0.9889
0.000511 0.9900
layer3.4.conv2
0.008440 0.0000
0.013033 0.4000
0.011719 0.4584
0.010343 0.5111
0.009419 0.5586
0.008513 0.6016
0.007558 0.6403
0.006798 0.6753
0.006177 0.7069
0.005950 0.7354
0.005323 0.7612
0.004916 0.7844
0.004674 0.8054
0.004307 0.8243
0.003965 0.8414
0.003665 0.8568
0.003407 0.8708
0.003082 0.8833
0.002865 0.8947
0.002618 0.9049
0.002373 0.9142
0.002214 0.9225
0.002023 0.9301
0.001853 0.9369
0.001656 0.9430
0.001539 0.9486
0.001410 0.9536
0.001315 0.9581
0.001205 0.9622
0.001116 0.9658
0.001045 0.9692
0.000973 0.9722
0.000893 0.9749
0.000844 0.9773
0.000756 0.9795
0.000730 0.9815
0.000659 0.9833
0.000627 0.9849
0.000603 0.9864
0.000566 0.9877
0.000521 0.9889
0.000496 0.9900
layer3.5.conv1
0.008221 0.0000
0.012695 0.4000
0.010900 0.4584
0.009959 0.5111
0.009062 0.5586
0.007679 0.6016
0.006845 0.6403
0.006252 0.6753
0.005771 0.7069
0.005263 0.7354
0.004844 0.7612
0.004414 0.7844
0.004193 0.8054
0.003839 0.8243
0.003481 0.8414
0.003232 0.8568
0.003163 0.8708
0.002851 0.8833
0.002510 0.8947
0.002342 0.9049
0.002127 0.9142
0.001988 0.9225
0.001849 0.9301
0.001679 0.9369
0.001563 0.9430
0.001470 0.9486
0.001318 0.9536
0.001242 0.9581
0.001148 0.9622
0.001053 0.9658
0.000939 0.9692
0.000894 0.9722
0.000821 0.9749
0.000785 0.9773
0.000719 0.9795
0.000648 0.9815
0.000610 0.9833
0.000581 0.9849
0.000537 0.9864
0.000525 0.9877
0.000477 0.9889
0.000464 0.9900
layer3.5.conv2
0.008343 0.0000
0.012777 0.4000
0.012024 0.4584
0.010093 0.5111
0.009410 0.5586
0.008004 0.6016
0.007312 0.6403
0.006695 0.6753
0.006044 0.7069
0.005645 0.7354
0.005250 0.7612
0.004753 0.7844
0.004435 0.8054
0.004076 0.8243
0.003769 0.8414
0.003477 0.8568
0.003300 0.8708
0.003010 0.8833
0.002803 0.8947
0.002583 0.9049
0.002319 0.9142
0.002120 0.9225
0.001943 0.9301
0.001802 0.9369
0.001636 0.9430
0.001490 0.9486
0.001364 0.9536
0.001278 0.9581
0.001178 0.9622
0.001078 0.9658
0.001028 0.9692
0.000936 0.9722
0.000895 0.9749
0.000827 0.9773
0.000748 0.9795
0.000691 0.9815
0.000642 0.9833
0.000610 0.9849
0.000587 0.9864
0.000548 0.9877
0.000526 0.9889
0.000486 0.9900
layer4.0.conv1
0.009080 0.0000
0.009623 0.4000
0.008664 0.4584
0.007298 0.5111
0.006656 0.5586
0.005411 0.6016
0.004703 0.6403
0.004299 0.6753
0.003846 0.7069
0.003412 0.7354
0.003152 0.7612
0.002825 0.7844
0.002581 0.8054
0.002318 0.8243
0.002149 0.8414
0.002030 0.8568
0.001822 0.8708
0.001695 0.8833
0.001542 0.8947
0.001439 0.9049
0.001324 0.9142
0.001204 0.9225
0.001097 0.9301
0.001032 0.9369
0.001003 0.9430
0.000897 0.9486
0.000836 0.9536
0.000797 0.9581
0.000770 0.9622
0.000726 0.9658
0.000694 0.9692
0.000679 0.9722
0.000647 0.9749
0.000596 0.9773
0.000575 0.9795
0.000593 0.9815
0.000571 0.9833
0.000572 0.9849
0.000546 0.9864
0.000509 0.9877
0.000519 0.9889
0.000495 0.9900
layer4.0.conv2
0.014641 0.0000
0.019052 0.4000
0.018147 0.4584
0.015698 0.5111
0.014487 0.5586
0.012633 0.6016
0.011359 0.6403
0.010026 0.6753
0.009083 0.7069
0.008122 0.7354
0.007159 0.7612
0.006373 0.7844
0.005191 0.8054
0.004506 0.8243
0.003955 0.8414
0.003593 0.8568
0.003275 0.8708
0.003022 0.8833
0.002762 0.8947
0.002661 0.9049
0.002329 0.9142
0.002148 0.9225
0.002008 0.9301
0.001780 0.9369
0.001654 0.9430
0.001507 0.9486
0.001343 0.9536
0.001272 0.9581
0.001232 0.9622
0.001103 0.9658
0.001085 0.9692
0.000998 0.9722
0.000933 0.9749
0.000854 0.9773
0.000864 0.9795
0.000784 0.9815
0.000763 0.9833
0.000778 0.9849
0.000727 0.9864
0.000675 0.9877
0.000638 0.9889
0.000642 0.9900
layer4.0.downsample.0
0.001090 0.0000
0.001730 0.4000
0.001639 0.4584
0.001495 0.5111
0.001449 0.5586
0.001228 0.6016
0.001113 0.6403
0.001050 0.6753
0.000962 0.7069
0.000824 0.7354
0.000759 0.7612
0.000597 0.7844
0.000462 0.8054
0.000390 0.8243
0.000343 0.8414
0.000305 0.8568
0.000282 0.8708
0.000235 0.8833
0.000216 0.8947
0.000195 0.9049
0.000203 0.9142
0.000180 0.9225
0.000158 0.9301
0.000148 0.9369
0.000134 0.9430
0.000126 0.9486
0.000117 0.9536
0.000112 0.9581
0.000101 0.9622
0.000094 0.9658
0.000096 0.9692
0.000091 0.9722
0.000085 0.9749
0.000079 0.9773
0.000085 0.9795
0.000074 0.9815
0.000077 0.9833
0.000072 0.9849
0.000069 0.9864
0.000070 0.9877
0.000066 0.9889
0.000067 0.9900
layer4.1.conv1
0.014386 0.0000
0.020314 0.4000
0.018228 0.4584
0.016669 0.5111
0.014693 0.5586
0.012839 0.6016
0.011617 0.6403
0.010572 0.6753
0.009601 0.7069
0.008530 0.7354
0.007677 0.7612
0.006738 0.7844
0.005487 0.8054
0.004811 0.8243
0.004121 0.8414
0.003752 0.8568
0.003332 0.8708
0.003065 0.8833
0.002752 0.8947
0.002512 0.9049
0.002331 0.9142
0.002219 0.9225
0.002026 0.9301
0.001856 0.9369
0.001636 0.9430
0.001506 0.9486
0.001409 0.9536
0.001280 0.9581
0.001222 0.9622
0.001118 0.9658
0.001067 0.9692
0.001014 0.9722
0.000940 0.9749
0.000838 0.9773
0.000856 0.9795
0.000794 0.9815
0.000731 0.9833
0.000703 0.9849
0.000672 0.9864
0.000631 0.9877
0.000611 0.9889
0.000616 0.9900
layer4.1.conv2
0.014295 0.0000
0.020669 0.4000
0.018946 0.4584
0.016957 0.5111
0.015292 0.5586
0.013267 0.6016
0.012011 0.6403
0.010977 0.6753
0.009948 0.7069
0.008860 0.7354
0.008079 0.7612
0.007167 0.7844
0.005708 0.8054
0.004952 0.8243
0.004252 0.8414
0.003890 0.8568
0.003449 0.8708
0.003239 0.8833
0.002890 0.8947
0.002564 0.9049
0.002427 0.9142
0.002298 0.9225
0.002013 0.9301
0.001880 0.9369
0.001669 0.9430
0.001544 0.9486
0.001505 0.9536
0.001341 0.9581
0.001252 0.9622
0.001186 0.9658
0.001103 0.9692
0.001039 0.9722
0.000974 0.9749
0.000903 0.9773
0.000887 0.9795
0.000826 0.9815
0.000777 0.9833
0.000771 0.9849
0.000719 0.9864
0.000652 0.9877
0.000673 0.9889
0.000630 0.9900
layer4.2.conv1
0.014296 0.0000
0.019375 0.4000
0.017864 0.4584
0.016375 0.5111
0.014198 0.5586
0.012362 0.6016
0.011377 0.6403
0.010290 0.6753
0.009222 0.7069
0.008284 0.7354
0.007372 0.7612
0.006491 0.7844
0.005323 0.8054
0.004638 0.8243
0.004112 0.8414
0.003697 0.8568
0.003274 0.8708
0.003030 0.8833
0.002699 0.8947
0.002493 0.9049
0.002298 0.9142
0.002171 0.9225
0.001998 0.9301
0.001853 0.9369
0.001643 0.9430
0.001572 0.9486
0.001381 0.9536
0.001303 0.9581
0.001217 0.9622
0.001138 0.9658
0.001064 0.9692
0.001026 0.9722
0.000934 0.9749
0.000850 0.9773
0.000830 0.9795
0.000748 0.9815
0.000752 0.9833
0.000712 0.9849
0.000665 0.9864
0.000620 0.9877
0.000632 0.9889
0.000574 0.9900
layer4.2.conv2
0.014259 0.0000
0.019859 0.4000
0.017863 0.4584
0.016329 0.5111
0.015062 0.5586
0.012510 0.6016
0.011323 0.6403
0.010447 0.6753
0.009396 0.7069
0.008580 0.7354
0.007700 0.7612
0.006801 0.7844
0.005358 0.8054
0.004527 0.8243
0.003925 0.8414
0.003540 0.8568
0.003224 0.8708
0.002935 0.8833
0.002639 0.8947
0.002439 0.9049
0.002202 0.9142
0.002041 0.9225
0.001891 0.9301
0.001771 0.9369
0.001582 0.9430
0.001523 0.9486
0.001321 0.9536
0.001307 0.9581
0.001184 0.9622
0.001108 0.9658
0.001052 0.9692
0.001049 0.9722
0.000924 0.9749
0.000862 0.9773
0.000828 0.9795
0.000775 0.9815
0.000755 0.9833
0.000713 0.9849
0.000676 0.9864
0.000642 0.9877
0.000636 0.9889
0.000585 0.9900
fc
0.000129 0.0000
0.000448 0.4000
0.000402 0.4584
0.000365 0.5111
0.000339 0.5586
0.000312 0.6016
0.000283 0.6403
0.000260 0.6753
0.000235 0.7069
0.000219 0.7354
0.000197 0.7612
0.000183 0.7844
0.000179 0.8054
0.000158 0.8243
0.000143 0.8414
0.000147 0.8568
0.000126 0.8708
0.000108 0.8833
0.000104 0.8947
0.000106 0.9049
0.000099 0.9142
0.000096 0.9225
0.000100 0.9301
0.000078 0.9369
0.000080 0.9430
0.000066 0.9486
0.000064 0.9536
0.000066 0.9581
0.000058 0.9622
0.000056 0.9658
0.000073 0.9692
0.000082 0.9722
0.000070 0.9749
0.000068 0.9773
0.000063 0.9795
0.000062 0.9815
0.000065 0.9833
0.000066 0.9849
0.000067 0.9864
0.000065 0.9877
0.000059 0.9889
0.000063 0.9900
