base
0.45038264
prunable
0.44644355
conv1
0.013860 0.0000
0.014522 0.4000
0.014542 0.4584
0.013831 0.5111
0.013610 0.5586
0.012911 0.6016
0.013246 0.6403
0.013006 0.6753
0.013045 0.7069
0.013112 0.7354
0.012997 0.7612
0.013007 0.7844
0.012980 0.8054
0.013054 0.8243
0.013167 0.8414
0.013444 0.8568
0.013372 0.8708
0.013332 0.8833
0.013395 0.8947
0.013406 0.9049
0.013391 0.9142
0.013549 0.9225
0.013562 0.9301
0.013375 0.9369
0.013312 0.9430
0.013434 0.9486
0.013317 0.9536
0.013311 0.9581
0.013690 0.9622
0.013351 0.9658
0.013373 0.9692
0.013808 0.9722
0.013512 0.9749
0.013820 0.9773
0.013570 0.9795
0.013730 0.9815
0.014216 0.9833
0.013852 0.9849
0.014098 0.9864
0.014076 0.9877
0.014152 0.9889
0.014178 0.9900
layer1.0.conv1
0.002245 0.0000
0.001907 0.4000
0.001879 0.4584
0.001901 0.5111
0.001906 0.5586
0.001906 0.6016
0.001914 0.6403
0.001891 0.6753
0.001899 0.7069
0.001873 0.7354
0.001876 0.7612
0.001887 0.7844
0.001889 0.8054
0.001882 0.8243
0.001907 0.8414
0.001875 0.8568
0.001879 0.8708
0.001919 0.8833
0.001904 0.8947
0.001918 0.9049
0.001873 0.9142
0.001896 0.9225
0.001879 0.9301
0.001884 0.9369
0.001854 0.9430
0.001877 0.9486
0.001851 0.9536
0.001835 0.9581
0.001828 0.9622
0.001806 0.9658
0.001787 0.9692
0.003969 0.9722
0.003750 0.9749
0.003514 0.9773
0.003306 0.9795
0.003467 0.9815
0.003362 0.9833
0.003311 0.9849
0.003335 0.9864
0.003303 0.9877
0.003305 0.9889
0.003296 0.9900
layer1.0.conv2
0.005883 0.0000
0.010292 0.4000
0.009572 0.4584
0.008775 0.5111
0.008639 0.5586
0.007740 0.6016
0.007250 0.6403
0.006753 0.6753
0.006275 0.7069
0.005884 0.7354
0.005586 0.7612
0.005224 0.7844
0.004968 0.8054
0.004765 0.8243
0.004501 0.8414
0.004319 0.8568
0.004023 0.8708
0.003837 0.8833
0.003606 0.8947
0.003449 0.9049
0.003266 0.9142
0.003136 0.9225
0.003038 0.9301
0.002908 0.9369
0.002791 0.9430
0.002712 0.9486
0.002607 0.9536
0.002604 0.9581
0.002483 0.9622
0.002456 0.9658
0.002400 0.9692
0.002448 0.9722
0.002400 0.9749
0.002408 0.9773
0.002363 0.9795
0.002379 0.9815
0.002323 0.9833
0.002290 0.9849
0.002287 0.9864
0.002245 0.9877
0.002230 0.9889
0.002172 0.9900
layer1.0.conv3
0.008672 0.0000
0.004938 0.4000
0.005096 0.4584
0.004854 0.5111
0.004819 0.5586
0.004807 0.6016
0.004850 0.6403
0.004814 0.6753
0.004805 0.7069
0.004819 0.7354
0.004825 0.7612
0.004826 0.7844
0.004834 0.8054
0.004835 0.8243
0.004843 0.8414
0.004814 0.8568
0.004846 0.8708
0.004827 0.8833
0.004832 0.8947
0.004843 0.9049
0.004825 0.9142
0.004835 0.9225
0.004830 0.9301
0.004835 0.9369
0.004853 0.9430
0.004841 0.9486
0.004853 0.9536
0.004846 0.9581
0.004837 0.9622
0.004866 0.9658
0.004826 0.9692
0.004827 0.9722
0.004840 0.9749
0.004814 0.9773
0.005806 0.9795
0.005764 0.9815
0.005779 0.9833
0.005758 0.9849
0.005684 0.9864
0.005704 0.9877
0.005668 0.9889
0.005647 0.9900
layer1.0.downsample.0
0.008167 0.0000
0.006189 0.4000
0.006183 0.4584
0.006159 0.5111
0.006185 0.5586
0.006176 0.6016
0.006207 0.6403
0.006193 0.6753
0.006206 0.7069
0.006149 0.7354
0.006152 0.7612
0.006154 0.7844
0.006151 0.8054
0.006155 0.8243
0.006158 0.8414
0.006163 0.8568
0.006169 0.8708
0.006193 0.8833
0.006188 0.8947
0.006200 0.9049
0.006199 0.9142
0.006199 0.9225
0.006212 0.9301
0.006191 0.9369
0.006195 0.9430
0.006195 0.9486
0.006202 0.9536
0.006195 0.9581
0.006195 0.9622
0.006183 0.9658
0.006208 0.9692
0.006192 0.9722
0.006181 0.9749
0.006200 0.9773
0.005806 0.9795
0.005764 0.9815
0.005779 0.9833
0.005758 0.9849
0.005684 0.9864
0.005704 0.9877
0.005668 0.9889
0.005647 0.9900
layer1.1.conv1
0.006407 0.0000
0.005218 0.4000
0.004981 0.4584
0.004756 0.5111
0.004644 0.5586
0.004505 0.6016
0.004411 0.6403
0.004479 0.6753
0.004503 0.7069
0.004485 0.7354
0.004532 0.7612
0.004472 0.7844
0.004499 0.8054
0.004434 0.8243
0.004374 0.8414
0.004355 0.8568
0.004287 0.8708
0.004266 0.8833
0.004346 0.8947
0.004345 0.9049
0.004214 0.9142
0.004050 0.9225
0.003944 0.9301
0.003868 0.9369
0.003745 0.9430
0.003621 0.9486
0.003557 0.9536
0.003493 0.9581
0.003335 0.9622
0.003297 0.9658
0.003342 0.9692
0.003138 0.9722
0.003105 0.9749
0.002957 0.9773
0.002994 0.9795
0.002940 0.9815
0.002980 0.9833
0.002887 0.9849
0.002733 0.9864
0.002679 0.9877
0.002572 0.9889
0.002490 0.9900
layer1.1.conv2
0.005808 0.0000
0.010363 0.4000
0.009415 0.4584
0.008656 0.5111
0.007997 0.5586
0.007399 0.6016
0.007087 0.6403
0.006547 0.6753
0.005970 0.7069
0.005585 0.7354
0.005254 0.7612
0.004966 0.7844
0.004646 0.8054
0.004440 0.8243
0.004242 0.8414
0.004017 0.8568
0.003977 0.8708
0.003652 0.8833
0.003537 0.8947
0.003403 0.9049
0.003275 0.9142
0.003130 0.9225
0.003086 0.9301
0.002946 0.9369
0.002862 0.9430
0.002776 0.9486
0.002720 0.9536
0.002604 0.9581
0.002549 0.9622
0.002503 0.9658
0.002446 0.9692
0.002372 0.9722
0.002352 0.9749
0.002347 0.9773
0.002301 0.9795
0.002268 0.9815
0.002264 0.9833
0.002208 0.9849
0.002181 0.9864
0.002180 0.9877
0.002190 0.9889
0.002127 0.9900
layer1.1.conv3
0.007955 0.0000
0.006321 0.4000
0.006257 0.4584
0.006238 0.5111
0.006269 0.5586
0.006225 0.6016
0.006265 0.6403
0.006203 0.6753
0.006236 0.7069
0.006181 0.7354
0.006227 0.7612
0.006213 0.7844
0.006224 0.8054
0.006230 0.8243
0.006221 0.8414
0.006204 0.8568
0.006228 0.8708
0.006281 0.8833
0.006257 0.8947
0.006255 0.9049
0.006239 0.9142
0.006239 0.9225
0.006242 0.9301
0.006226 0.9369
0.006249 0.9430
0.006262 0.9486
0.006224 0.9536
0.006259 0.9581
0.006254 0.9622
0.006267 0.9658
0.006290 0.9692
0.006288 0.9722
0.006280 0.9749
0.006289 0.9773
0.006327 0.9795
0.006327 0.9815
0.006337 0.9833
0.006339 0.9849
0.006325 0.9864
0.006335 0.9877
0.006337 0.9889
0.006239 0.9900
layer1.2.conv1
0.006244 0.0000
0.005450 0.4000
0.005358 0.4584
0.005188 0.5111
0.004979 0.5586
0.005311 0.6016
0.004850 0.6403
0.004676 0.6753
0.004703 0.7069
0.004695 0.7354
0.004594 0.7612
0.004677 0.7844
0.004647 0.8054
0.004623 0.8243
0.004492 0.8414
0.004493 0.8568
0.004457 0.8708
0.004323 0.8833
0.004236 0.8947
0.004299 0.9049
0.004123 0.9142
0.004082 0.9225
0.003916 0.9301
0.003820 0.9369
0.003718 0.9430
0.003675 0.9486
0.003654 0.9536
0.003572 0.9581
0.003473 0.9622
0.003348 0.9658
0.003260 0.9692
0.003169 0.9722
0.003061 0.9749
0.003028 0.9773
0.002899 0.9795
0.002782 0.9815
0.002728 0.9833
0.002665 0.9849
0.002697 0.9864
0.002657 0.9877
0.002582 0.9889
0.002533 0.9900
layer1.2.conv2
0.005929 0.0000
0.010259 0.4000
0.009541 0.4584
0.008779 0.5111
0.008108 0.5586
0.007568 0.6016
0.007082 0.6403
0.006454 0.6753
0.005984 0.7069
0.005593 0.7354
0.005241 0.7612
0.004999 0.7844
0.004739 0.8054
0.004525 0.8243
0.004408 0.8414
0.004148 0.8568
0.003981 0.8708
0.003889 0.8833
0.003590 0.8947
0.003412 0.9049
0.003246 0.9142
0.003216 0.9225
0.003077 0.9301
0.002998 0.9369
0.002856 0.9430
0.002827 0.9486
0.002718 0.9536
0.002681 0.9581
0.002576 0.9622
0.002501 0.9658
0.002432 0.9692
0.002394 0.9722
0.002344 0.9749
0.002347 0.9773
0.002236 0.9795
0.002226 0.9815
0.002236 0.9833
0.002166 0.9849
0.002157 0.9864
0.002153 0.9877
0.002126 0.9889
0.002099 0.9900
layer1.2.conv3
0.007989 0.0000
0.006297 0.4000
0.006272 0.4584
0.006252 0.5111
0.006249 0.5586
0.006225 0.6016
0.006284 0.6403
0.006207 0.6753
0.006238 0.7069
0.006193 0.7354
0.006229 0.7612
0.006221 0.7844
0.006204 0.8054
0.006204 0.8243
0.006206 0.8414
0.006212 0.8568
0.006242 0.8708
0.006251 0.8833
0.006261 0.8947
0.006253 0.9049
0.006242 0.9142
0.006244 0.9225
0.006238 0.9301
0.006221 0.9369
0.006237 0.9430
0.006247 0.9486
0.006231 0.9536
0.006254 0.9581
0.006265 0.9622
0.006276 0.9658
0.006292 0.9692
0.006296 0.9722
0.006289 0.9749
0.006286 0.9773
0.006330 0.9795
0.006347 0.9815
0.006335 0.9833
0.006343 0.9849
0.006334 0.9864
0.006349 0.9877
0.006323 0.9889
0.006311 0.9900
layer2.0.conv1
0.013064 0.0000
0.010099 0.4000
0.009303 0.4584
0.008739 0.5111
0.008190 0.5586
0.007423 0.6016
0.007124 0.6403
0.006781 0.6753
0.006283 0.7069
0.006014 0.7354
0.005797 0.7612
0.005616 0.7844
0.005661 0.8054
0.005494 0.8243
0.005264 0.8414
0.005248 0.8568
0.005115 0.8708
0.005068 0.8833
0.004990 0.8947
0.004786 0.9049
0.004848 0.9142
0.004752 0.9225
0.004634 0.9301
0.004594 0.9369
0.004351 0.9430
0.004264 0.9486
0.004181 0.9536
0.003954 0.9581
0.003962 0.9622
0.003782 0.9658
0.003715 0.9692
0.003579 0.9722
0.003460 0.9749
0.003412 0.9773
0.003308 0.9795
0.003225 0.9815
0.003148 0.9833
0.003072 0.9849
0.002994 0.9864
0.002956 0.9877
0.002943 0.9889
0.002958 0.9900
layer2.0.conv2
0.015116 0.0000
0.011569 0.4000
0.010854 0.4584
0.010070 0.5111
0.009644 0.5586
0.008816 0.6016
0.008228 0.6403
0.007509 0.6753
0.007397 0.7069
0.006721 0.7354
0.006135 0.7612
0.005855 0.7844
0.005472 0.8054
0.005230 0.8243
0.005188 0.8414
0.004695 0.8568
0.004654 0.8708
0.004335 0.8833
0.004198 0.8947
0.004084 0.9049
0.003857 0.9142
0.003748 0.9225
0.003696 0.9301
0.003524 0.9369
0.003412 0.9430
0.003364 0.9486
0.003229 0.9536
0.003135 0.9581
0.003047 0.9622
0.002979 0.9658
0.002887 0.9692
0.002794 0.9722
0.002730 0.9749
0.002681 0.9773
0.002562 0.9795
0.002515 0.9815
0.002432 0.9833
0.002367 0.9849
0.002300 0.9864
0.002238 0.9877
0.002168 0.9889
0.002100 0.9900
layer2.0.conv3
0.006299 0.0000
0.005290 0.4000
0.004915 0.4584
0.004631 0.5111
0.004210 0.5586
0.003865 0.6016
0.003739 0.6403
0.003260 0.6753
0.003046 0.7069
0.003262 0.7354
0.002688 0.7612
0.002499 0.7844
0.002444 0.8054
0.002411 0.8243
0.002392 0.8414
0.002378 0.8568
0.002380 0.8708
0.002374 0.8833
0.002374 0.8947
0.002376 0.9049
0.002349 0.9142
0.002354 0.9225
0.002343 0.9301
0.002331 0.9369
0.002338 0.9430
0.002353 0.9486
0.002346 0.9536
0.002336 0.9581
0.002327 0.9622
0.002326 0.9658
0.002325 0.9692
0.002322 0.9722
0.002315 0.9749
0.002322 0.9773
0.002313 0.9795
0.002316 0.9815
0.002319 0.9833
0.002326 0.9849
0.002323 0.9864
0.002316 0.9877
0.002319 0.9889
0.003079 0.9900
layer2.0.downsample.0
0.015114 0.0000
0.010524 0.4000
0.009708 0.4584
0.008972 0.5111
0.008322 0.5586
0.007921 0.6016
0.007490 0.6403
0.007178 0.6753
0.006762 0.7069
0.006505 0.7354
0.006034 0.7612
0.005743 0.7844
0.005211 0.8054
0.004974 0.8243
0.004528 0.8414
0.004234 0.8568
0.004401 0.8708
0.003875 0.8833
0.003744 0.8947
0.003656 0.9049
0.003638 0.9142
0.003635 0.9225
0.003615 0.9301
0.003586 0.9369
0.003578 0.9430
0.003557 0.9486
0.003566 0.9536
0.003556 0.9581
0.003543 0.9622
0.003537 0.9658
0.003526 0.9692
0.003510 0.9722
0.003492 0.9749
0.003483 0.9773
0.003489 0.9795
0.003468 0.9815
0.003470 0.9833
0.003451 0.9849
0.003435 0.9864
0.003424 0.9877
0.003410 0.9889
0.003079 0.9900
layer2.1.conv1
0.006451 0.0000
0.005425 0.4000
0.005152 0.4584
0.004703 0.5111
0.004423 0.5586
0.004136 0.6016
0.003936 0.6403
0.003730 0.6753
0.003521 0.7069
0.003313 0.7354
0.003194 0.7612
0.003077 0.7844
0.002980 0.8054
0.002855 0.8243
0.002785 0.8414
0.002694 0.8568
0.002649 0.8708
0.002621 0.8833
0.002585 0.8947
0.002511 0.9049
0.002441 0.9142
0.002400 0.9225
0.002340 0.9301
0.002267 0.9369
0.002215 0.9430
0.002138 0.9486
0.002068 0.9536
0.001971 0.9581
0.001908 0.9622
0.001867 0.9658
0.001806 0.9692
0.001732 0.9722
0.001698 0.9749
0.001641 0.9773
0.001549 0.9795
0.001488 0.9815
0.001422 0.9833
0.001351 0.9849
0.001307 0.9864
0.001297 0.9877
0.001175 0.9889
0.001029 0.9900
layer2.1.conv2
0.005850 0.0000
0.010635 0.4000
0.009879 0.4584
0.009002 0.5111
0.008553 0.5586
0.008002 0.6016
0.007503 0.6403
0.006620 0.6753
0.006145 0.7069
0.005874 0.7354
0.005574 0.7612
0.004972 0.7844
0.004673 0.8054
0.004332 0.8243
0.004157 0.8414
0.003785 0.8568
0.003573 0.8708
0.003363 0.8833
0.003153 0.8947
0.002996 0.9049
0.002844 0.9142
0.002709 0.9225
0.002606 0.9301
0.002438 0.9369
0.002408 0.9430
0.002319 0.9486
0.002199 0.9536
0.002111 0.9581
0.002031 0.9622
0.001905 0.9658
0.001883 0.9692
0.001757 0.9722
0.001760 0.9749
0.001659 0.9773
0.001537 0.9795
0.001483 0.9815
0.001451 0.9833
0.001355 0.9849
0.001287 0.9864
0.001218 0.9877
0.001181 0.9889
0.001118 0.9900
layer2.1.conv3
0.006352 0.0000
0.005885 0.4000
0.005572 0.4584
0.005174 0.5111
0.004996 0.5586
0.004600 0.6016
0.004334 0.6403
0.003919 0.6753
0.003567 0.7069
0.003381 0.7354
0.003154 0.7612
0.003044 0.7844
0.002986 0.8054
0.002927 0.8243
0.003002 0.8414
0.002987 0.8568
0.002942 0.8708
0.002898 0.8833
0.002885 0.8947
0.002846 0.9049
0.002904 0.9142
0.002877 0.9225
0.002818 0.9301
0.002813 0.9369
0.002813 0.9430
0.002825 0.9486
0.002817 0.9536
0.002825 0.9581
0.002812 0.9622
0.002805 0.9658
0.002830 0.9692
0.002801 0.9722
0.002823 0.9749
0.002821 0.9773
0.002834 0.9795
0.002790 0.9815
0.002770 0.9833
0.002808 0.9849
0.002771 0.9864
0.002779 0.9877
0.002742 0.9889
0.002792 0.9900
layer2.2.conv1
0.006370 0.0000
0.005273 0.4000
0.004992 0.4584
0.004577 0.5111
0.004328 0.5586
0.004099 0.6016
0.003940 0.6403
0.003688 0.6753
0.003517 0.7069
0.003386 0.7354
0.003239 0.7612
0.003102 0.7844
0.003040 0.8054
0.002953 0.8243
0.002860 0.8414
0.002738 0.8568
0.002725 0.8708
0.002657 0.8833
0.002635 0.8947
0.002574 0.9049
0.002549 0.9142
0.002560 0.9225
0.002501 0.9301
0.002450 0.9369
0.002461 0.9430
0.002357 0.9486
0.002350 0.9536
0.002274 0.9581
0.002213 0.9622
0.002156 0.9658
0.002063 0.9692
0.002019 0.9722
0.001941 0.9749
0.001870 0.9773
0.001841 0.9795
0.001784 0.9815
0.001690 0.9833
0.001559 0.9849
0.001538 0.9864
0.001434 0.9877
0.001389 0.9889
0.001314 0.9900
layer2.2.conv2
0.005868 0.0000
0.010660 0.4000
0.009794 0.4584
0.008980 0.5111
0.008280 0.5586
0.007439 0.6016
0.007010 0.6403
0.006389 0.6753
0.005924 0.7069
0.005490 0.7354
0.005056 0.7612
0.004697 0.7844
0.004457 0.8054
0.004150 0.8243
0.004199 0.8414
0.003667 0.8568
0.003476 0.8708
0.003245 0.8833
0.003064 0.8947
0.002911 0.9049
0.002808 0.9142
0.002761 0.9225
0.002537 0.9301
0.002413 0.9369
0.002375 0.9430
0.002316 0.9486
0.002226 0.9536
0.002128 0.9581
0.002013 0.9622
0.001923 0.9658
0.001919 0.9692
0.001773 0.9722
0.001767 0.9749
0.001640 0.9773
0.001562 0.9795
0.001500 0.9815
0.001451 0.9833
0.001376 0.9849
0.001288 0.9864
0.001226 0.9877
0.001198 0.9889
0.001118 0.9900
layer2.2.conv3
0.006238 0.0000
0.005695 0.4000
0.005333 0.4584
0.005063 0.5111
0.004659 0.5586
0.004367 0.6016
0.004004 0.6403
0.003806 0.6753
0.003347 0.7069
0.003147 0.7354
0.003007 0.7612
0.003011 0.7844
0.002994 0.8054
0.002920 0.8243
0.002991 0.8414
0.002988 0.8568
0.002941 0.8708
0.002913 0.8833
0.002893 0.8947
0.002863 0.9049
0.002909 0.9142
0.002889 0.9225
0.002834 0.9301
0.002827 0.9369
0.002847 0.9430
0.002835 0.9486
0.002824 0.9536
0.002864 0.9581
0.002813 0.9622
0.002798 0.9658
0.002826 0.9692
0.002806 0.9722
0.002825 0.9749
0.002826 0.9773
0.002848 0.9795
0.002781 0.9815
0.002774 0.9833
0.002794 0.9849
0.002793 0.9864
0.002749 0.9877
0.002745 0.9889
0.002727 0.9900
layer2.3.conv1
0.006323 0.0000
0.005169 0.4000
0.004820 0.4584
0.004489 0.5111
0.004161 0.5586
0.003918 0.6016
0.003693 0.6403
0.003511 0.6753
0.003343 0.7069
0.003323 0.7354
0.003186 0.7612
0.003094 0.7844
0.003004 0.8054
0.002921 0.8243
0.002875 0.8414
0.002817 0.8568
0.002755 0.8708
0.002669 0.8833
0.002624 0.8947
0.002575 0.9049
0.002547 0.9142
0.002531 0.9225
0.002534 0.9301
0.002483 0.9369
0.002433 0.9430
0.002386 0.9486
0.002354 0.9536
0.002294 0.9581
0.002213 0.9622
0.002177 0.9658
0.002123 0.9692
0.002077 0.9722
0.002028 0.9749
0.001989 0.9773
0.001944 0.9795
0.001939 0.9815
0.001869 0.9833
0.001793 0.9849
0.001770 0.9864
0.001709 0.9877
0.001650 0.9889
0.001535 0.9900
layer2.3.conv2
0.005935 0.0000
0.010363 0.4000
0.009631 0.4584
0.008709 0.5111
0.008038 0.5586
0.007230 0.6016
0.006857 0.6403
0.006253 0.6753
0.005762 0.7069
0.005386 0.7354
0.005008 0.7612
0.004647 0.7844
0.004400 0.8054
0.004050 0.8243
0.003908 0.8414
0.003634 0.8568
0.003417 0.8708
0.003209 0.8833
0.003009 0.8947
0.002837 0.9049
0.002797 0.9142
0.002678 0.9225
0.002505 0.9301
0.002373 0.9369
0.002304 0.9430
0.002262 0.9486
0.002192 0.9536
0.002109 0.9581
0.001956 0.9622
0.001864 0.9658
0.001884 0.9692
0.001792 0.9722
0.001805 0.9749
0.001642 0.9773
0.001556 0.9795
0.001499 0.9815
0.001469 0.9833
0.001400 0.9849
0.001316 0.9864
0.001265 0.9877
0.001232 0.9889
0.001175 0.9900
layer2.3.conv3
0.006273 0.0000
0.005751 0.4000
0.005408 0.4584
0.005304 0.5111
0.004657 0.5586
0.004341 0.6016
0.004023 0.6403
0.003898 0.6753
0.003408 0.7069
0.003188 0.7354
0.003106 0.7612
0.003058 0.7844
0.003017 0.8054
0.002938 0.8243
0.003012 0.8414
0.002979 0.8568
0.002943 0.8708
0.002907 0.8833
0.002885 0.8947
0.002859 0.9049
0.002914 0.9142
0.002894 0.9225
0.002833 0.9301
0.002829 0.9369
0.002839 0.9430
0.002837 0.9486
0.002830 0.9536
0.002839 0.9581
0.002819 0.9622
0.002822 0.9658
0.002819 0.9692
0.002807 0.9722
0.002870 0.9749
0.002826 0.9773
0.002877 0.9795
0.002797 0.9815
0.002773 0.9833
0.002826 0.9849
0.002790 0.9864
0.002761 0.9877
0.002748 0.9889
0.002776 0.9900
layer3.0.conv1
0.012120 0.0000
0.009963 0.4000
0.009300 0.4584
0.008600 0.5111
0.007948 0.5586
0.007384 0.6016
0.006962 0.6403
0.006534 0.6753
0.006132 0.7069
0.005790 0.7354
0.005421 0.7612
0.005052 0.7844
0.005221 0.8054
0.004542 0.8243
0.004430 0.8414
0.004174 0.8568
0.004025 0.8708
0.003933 0.8833
0.003760 0.8947
0.003619 0.9049
0.003512 0.9142
0.003444 0.9225
0.003395 0.9301
0.003285 0.9369
0.003230 0.9430
0.003186 0.9486
0.003122 0.9536
0.003095 0.9581
0.003051 0.9622
0.003039 0.9658
0.003011 0.9692
0.002943 0.9722
0.002920 0.9749
0.002900 0.9773
0.002872 0.9795
0.002845 0.9815
0.002824 0.9833
0.002793 0.9849
0.002786 0.9864
0.002763 0.9877
0.002743 0.9889
0.002718 0.9900
layer3.0.conv2
0.014770 0.0000
0.016179 0.4000
0.014162 0.4584
0.012119 0.5111
0.011320 0.5586
0.009079 0.6016
0.008341 0.6403
0.007436 0.6753
0.007130 0.7069
0.006287 0.7354
0.005707 0.7612
0.005337 0.7844
0.004915 0.8054
0.004539 0.8243
0.004167 0.8414
0.003962 0.8568
0.003770 0.8708
0.003523 0.8833
0.003295 0.8947
0.003112 0.9049
0.003040 0.9142
0.002903 0.9225
0.002795 0.9301
0.002756 0.9369
0.002633 0.9430
0.002542 0.9486
0.002474 0.9536
0.002390 0.9581
0.002298 0.9622
0.002224 0.9658
0.002176 0.9692
0.002095 0.9722
0.002058 0.9749
0.001969 0.9773
0.001894 0.9795
0.001808 0.9815
0.001739 0.9833
0.001697 0.9849
0.001605 0.9864
0.001571 0.9877
0.001502 0.9889
0.001434 0.9900
layer3.0.conv3
0.006130 0.0000
0.005523 0.4000
0.005468 0.4584
0.004686 0.5111
0.004489 0.5586
0.004055 0.6016
0.003788 0.6403
0.003484 0.6753
0.003217 0.7069
0.002963 0.7354
0.002712 0.7612
0.002516 0.7844
0.002254 0.8054
0.002077 0.8243
0.001900 0.8414
0.001749 0.8568
0.001630 0.8708
0.001533 0.8833
0.001388 0.8947
0.001269 0.9049
0.001182 0.9142
0.001112 0.9225
0.001018 0.9301
0.000976 0.9369
0.000920 0.9430
0.000890 0.9486
0.000870 0.9536
0.000841 0.9581
0.000805 0.9622
0.000752 0.9658
0.000733 0.9692
0.000712 0.9722
0.000698 0.9749
0.000689 0.9773
0.000637 0.9795
0.000615 0.9815
0.000617 0.9833
0.000579 0.9849
0.000562 0.9864
0.000528 0.9877
0.000546 0.9889
0.000518 0.9900
layer3.0.downsample.0
0.014686 0.0000
0.017502 0.4000
0.012503 0.4584
0.011724 0.5111
0.010673 0.5586
0.009657 0.6016
0.008636 0.6403
0.007976 0.6753
0.007561 0.7069
0.007041 0.7354
0.006219 0.7612
0.005731 0.7844
0.005386 0.8054
0.004952 0.8243
0.004634 0.8414
0.004500 0.8568
0.004167 0.8708
0.003594 0.8833
0.003542 0.8947
0.002985 0.9049
0.003043 0.9142
0.002773 0.9225
0.002682 0.9301
0.002422 0.9369
0.002276 0.9430
0.002315 0.9486
0.002125 0.9536
0.002054 0.9581
0.001897 0.9622
0.001807 0.9658
0.001678 0.9692
0.001711 0.9722
0.001619 0.9749
0.001600 0.9773
0.001510 0.9795
0.001512 0.9815
0.001454 0.9833
0.001436 0.9849
0.001389 0.9864
0.001353 0.9877
0.001354 0.9889
0.001283 0.9900
layer3.1.conv1
0.006691 0.0000
0.005514 0.4000
0.004911 0.4584
0.004555 0.5111
0.004179 0.5586
0.003914 0.6016
0.003622 0.6403
0.003376 0.6753
0.003201 0.7069
0.002976 0.7354
0.002772 0.7612
0.002591 0.7844
0.002442 0.8054
0.002304 0.8243
0.002169 0.8414
0.002079 0.8568
0.001992 0.8708
0.001932 0.8833
0.001720 0.8947
0.001634 0.9049
0.001539 0.9142
0.001499 0.9225
0.001425 0.9301
0.001395 0.9369
0.001342 0.9430
0.001308 0.9486
0.001216 0.9536
0.001209 0.9581
0.001181 0.9622
0.001099 0.9658
0.001080 0.9692
0.001052 0.9722
0.001021 0.9749
0.000957 0.9773
0.000950 0.9795
0.000940 0.9815
0.000904 0.9833
0.000892 0.9849
0.000859 0.9864
0.000801 0.9877
0.000791 0.9889
0.000752 0.9900
layer3.1.conv2
0.008715 0.0000
0.012462 0.4000
0.011030 0.4584
0.009709 0.5111
0.008728 0.5586
0.007666 0.6016
0.007353 0.6403
0.006596 0.6753
0.006112 0.7069
0.005350 0.7354
0.004887 0.7612
0.004534 0.7844
0.004275 0.8054
0.003853 0.8243
0.003574 0.8414
0.003307 0.8568
0.003156 0.8708
0.002852 0.8833
0.002625 0.8947
0.002386 0.9049
0.002261 0.9142
0.002119 0.9225
0.001972 0.9301
0.001852 0.9369
0.001734 0.9430
0.001701 0.9486
0.001602 0.9536
0.001525 0.9581
0.001428 0.9622
0.001348 0.9658
0.001281 0.9692
0.001279 0.9722
0.001245 0.9749
0.001145 0.9773
0.001113 0.9795
0.001045 0.9815
0.001015 0.9833
0.000969 0.9849
0.000897 0.9864
0.000862 0.9877
0.000834 0.9889
0.000810 0.9900
layer3.1.conv3
0.006105 0.0000
0.006371 0.4000
0.005896 0.4584
0.005421 0.5111
0.005140 0.5586
0.004519 0.6016
0.004298 0.6403
0.003996 0.6753
0.003668 0.7069
0.003413 0.7354
0.003021 0.7612
0.002871 0.7844
0.002560 0.8054
0.002366 0.8243
0.002244 0.8414
0.002072 0.8568
0.001942 0.8708
0.001767 0.8833
0.001639 0.8947
0.001439 0.9049
0.001335 0.9142
0.001259 0.9225
0.001197 0.9301
0.001143 0.9369
0.001085 0.9430
0.001090 0.9486
0.001050 0.9536
0.001003 0.9581
0.000984 0.9622
0.000938 0.9658
0.000945 0.9692
0.000921 0.9722
0.000949 0.9749
0.000906 0.9773
0.000912 0.9795
0.000890 0.9815
0.000881 0.9833
0.000870 0.9849
0.000878 0.9864
0.000862 0.9877
0.000845 0.9889
0.000857 0.9900
layer3.2.conv1
0.006530 0.0000
0.005569 0.4000
0.005079 0.4584
0.004649 0.5111
0.004358 0.5586
0.004056 0.6016
0.003778 0.6403
0.003486 0.6753
0.003515 0.7069
0.003035 0.7354
0.002822 0.7612
0.002628 0.7844
0.002461 0.8054
0.002255 0.8243
0.002175 0.8414
0.002040 0.8568
0.001917 0.8708
0.001917 0.8833
0.001766 0.8947
0.001651 0.9049
0.001568 0.9142
0.001511 0.9225
0.001406 0.9301
0.001410 0.9369
0.001324 0.9430
0.001303 0.9486
0.001226 0.9536
0.001208 0.9581
0.001202 0.9622
0.001117 0.9658
0.001071 0.9692
0.001061 0.9722
0.001043 0.9749
0.000968 0.9773
0.000960 0.9795
0.000915 0.9815
0.000877 0.9833
0.000848 0.9849
0.000831 0.9864
0.000771 0.9877
0.000757 0.9889
0.000678 0.9900
layer3.2.conv2
0.008851 0.0000
0.012723 0.4000
0.011518 0.4584
0.009817 0.5111
0.009016 0.5586
0.007859 0.6016
0.007192 0.6403
0.006386 0.6753
0.006119 0.7069
0.005380 0.7354
0.004925 0.7612
0.004497 0.7844
0.004208 0.8054
0.003817 0.8243
0.003534 0.8414
0.003253 0.8568
0.003051 0.8708
0.002838 0.8833
0.002560 0.8947
0.002338 0.9049
0.002239 0.9142
0.002067 0.9225
0.001900 0.9301
0.001820 0.9369
0.001728 0.9430
0.001632 0.9486
0.001476 0.9536
0.001450 0.9581
0.001447 0.9622
0.001312 0.9658
0.001281 0.9692
0.001257 0.9722
0.001219 0.9749
0.001120 0.9773
0.001097 0.9795
0.001045 0.9815
0.000992 0.9833
0.000932 0.9849
0.000876 0.9864
0.000833 0.9877
0.000781 0.9889
0.000762 0.9900
layer3.2.conv3
0.006053 0.0000
0.005990 0.4000
0.005577 0.4584
0.005144 0.5111
0.004845 0.5586
0.004392 0.6016
0.004111 0.6403
0.003735 0.6753
0.003516 0.7069
0.003224 0.7354
0.002929 0.7612
0.002709 0.7844
0.002457 0.8054
0.002229 0.8243
0.002116 0.8414
0.001983 0.8568
0.001831 0.8708
0.001669 0.8833
0.001529 0.8947
0.001429 0.9049
0.001438 0.9142
0.001269 0.9225
0.001229 0.9301
0.001110 0.9369
0.001093 0.9430
0.001047 0.9486
0.000998 0.9536
0.000961 0.9581
0.000966 0.9622
0.000960 0.9658
0.000925 0.9692
0.000945 0.9722
0.000967 0.9749
0.000905 0.9773
0.000916 0.9795
0.000897 0.9815
0.000874 0.9833
0.000863 0.9849
0.000853 0.9864
0.000845 0.9877
0.000819 0.9889
0.000840 0.9900
layer3.3.conv1
0.006498 0.0000
0.005869 0.4000
0.005510 0.4584
0.004921 0.5111
0.004693 0.5586
0.004083 0.6016
0.003854 0.6403
0.003481 0.6753
0.003175 0.7069
0.003102 0.7354
0.002801 0.7612
0.002586 0.7844
0.002432 0.8054
0.002245 0.8243
0.002237 0.8414
0.002051 0.8568
0.001960 0.8708
0.001829 0.8833
0.001759 0.8947
0.001655 0.9049
0.001576 0.9142
0.001515 0.9225
0.001409 0.9301
0.001399 0.9369
0.001335 0.9430
0.001316 0.9486
0.001270 0.9536
0.001207 0.9581
0.001192 0.9622
0.001102 0.9658
0.001081 0.9692
0.001105 0.9722
0.001062 0.9749
0.000985 0.9773
0.000984 0.9795
0.000975 0.9815
0.000927 0.9833
0.000908 0.9849
0.000883 0.9864
0.000826 0.9877
0.000830 0.9889
0.000757 0.9900
layer3.3.conv2
0.008873 0.0000
0.012107 0.4000
0.010924 0.4584
0.009814 0.5111
0.008797 0.5586
0.007728 0.6016
0.007187 0.6403
0.006250 0.6753
0.005712 0.7069
0.005336 0.7354
0.004883 0.7612
0.004423 0.7844
0.004125 0.8054
0.003807 0.8243
0.003613 0.8414
0.003245 0.8568
0.003054 0.8708
0.002819 0.8833
0.002574 0.8947
0.002415 0.9049
0.002233 0.9142
0.002072 0.9225
0.001995 0.9301
0.001856 0.9369
0.001710 0.9430
0.001614 0.9486
0.001524 0.9536
0.001443 0.9581
0.001381 0.9622
0.001316 0.9658
0.001270 0.9692
0.001290 0.9722
0.001210 0.9749
0.001118 0.9773
0.001104 0.9795
0.001103 0.9815
0.001001 0.9833
0.000959 0.9849
0.000905 0.9864
0.000868 0.9877
0.000817 0.9889
0.000754 0.9900
layer3.3.conv3
0.006168 0.0000
0.006117 0.4000
0.005527 0.4584
0.005170 0.5111
0.004749 0.5586
0.004354 0.6016
0.004102 0.6403
0.003665 0.6753
0.003398 0.7069
0.003204 0.7354
0.002972 0.7612
0.002714 0.7844
0.002413 0.8054
0.002308 0.8243
0.002147 0.8414
0.001974 0.8568
0.001828 0.8708
0.001706 0.8833
0.001545 0.8947
0.001413 0.9049
0.001336 0.9142
0.001259 0.9225
0.001228 0.9301
0.001112 0.9369
0.001076 0.9430
0.001067 0.9486
0.001036 0.9536
0.000989 0.9581
0.000990 0.9622
0.000945 0.9658
0.000940 0.9692
0.000947 0.9722
0.000944 0.9749
0.000892 0.9773
0.000916 0.9795
0.000908 0.9815
0.000866 0.9833
0.000849 0.9849
0.000859 0.9864
0.000853 0.9877
0.000828 0.9889
0.000803 0.9900
layer3.4.conv1
0.006580 0.0000
0.005754 0.4000
0.005567 0.4584
0.004938 0.5111
0.004639 0.5586
0.004194 0.6016
0.004070 0.6403
0.003616 0.6753
0.003347 0.7069
0.003185 0.7354
0.002994 0.7612
0.002690 0.7844
0.002541 0.8054
0.002444 0.8243
0.002325 0.8414
0.002104 0.8568
0.002010 0.8708
0.001899 0.8833
0.001805 0.8947
0.001696 0.9049
0.001615 0.9142
0.001584 0.9225
0.001506 0.9301
0.001438 0.9369
0.001353 0.9430
0.001330 0.9486
0.001260 0.9536
0.001202 0.9581
0.001212 0.9622
0.001126 0.9658
0.001106 0.9692
0.001104 0.9722
0.001077 0.9749
0.000981 0.9773
0.001002 0.9795
0.000968 0.9815
0.000917 0.9833
0.000911 0.9849
0.000884 0.9864
0.000857 0.9877
0.000836 0.9889
0.000750 0.9900
layer3.4.conv2
0.008936 0.0000
0.012488 0.4000
0.011066 0.4584
0.009708 0.5111
0.008665 0.5586
0.007536 0.6016
0.007230 0.6403
0.006449 0.6753
0.005848 0.7069
0.005310 0.7354
0.005065 0.7612
0.004439 0.7844
0.004131 0.8054
0.003807 0.8243
0.003631 0.8414
0.003212 0.8568
0.002985 0.8708
0.002750 0.8833
0.002604 0.8947
0.002399 0.9049
0.002189 0.9142
0.002077 0.9225
0.001956 0.9301
0.001801 0.9369
0.001671 0.9430
0.001598 0.9486
0.001471 0.9536
0.001402 0.9581
0.001327 0.9622
0.001238 0.9658
0.001234 0.9692
0.001210 0.9722
0.001168 0.9749
0.001154 0.9773
0.001034 0.9795
0.001014 0.9815
0.000973 0.9833
0.000937 0.9849
0.000887 0.9864
0.000864 0.9877
0.000818 0.9889
0.000749 0.9900
layer3.4.conv3
0.006121 0.0000
0.006086 0.4000
0.005577 0.4584
0.005153 0.5111
0.004746 0.5586
0.004322 0.6016
0.004126 0.6403
0.003711 0.6753
0.003478 0.7069
0.003258 0.7354
0.003002 0.7612
0.002719 0.7844
0.002433 0.8054
0.002303 0.8243
0.002133 0.8414
0.001955 0.8568
0.001806 0.8708
0.001619 0.8833
0.001548 0.8947
0.001429 0.9049
0.001345 0.9142
0.001251 0.9225
0.001281 0.9301
0.001128 0.9369
0.001115 0.9430
0.001051 0.9486
0.001034 0.9536
0.000993 0.9581
0.000978 0.9622
0.000947 0.9658
0.000936 0.9692
0.000930 0.9722
0.000950 0.9749
0.000919 0.9773
0.000922 0.9795
0.000904 0.9815
0.000867 0.9833
0.000848 0.9849
0.000861 0.9864
0.000855 0.9877
0.000833 0.9889
0.000860 0.9900
layer3.5.conv1
0.006527 0.0000
0.005363 0.4000
0.004976 0.4584
0.004608 0.5111
0.004228 0.5586
0.003852 0.6016
0.003588 0.6403
0.003400 0.6753
0.003087 0.7069
0.003003 0.7354
0.002675 0.7612
0.002516 0.7844
0.002347 0.8054
0.002203 0.8243
0.002107 0.8414
0.001977 0.8568
0.001861 0.8708
0.001822 0.8833
0.001713 0.8947
0.001604 0.9049
0.001560 0.9142
0.001491 0.9225
0.001423 0.9301
0.001401 0.9369
0.001326 0.9430
0.001270 0.9486
0.001250 0.9536
0.001184 0.9581
0.001189 0.9622
0.001111 0.9658
0.001074 0.9692
0.001097 0.9722
0.001048 0.9749
0.001010 0.9773
0.000979 0.9795
0.000963 0.9815
0.000926 0.9833
0.000906 0.9849
0.000900 0.9864
0.000841 0.9877
0.000830 0.9889
0.000763 0.9900
layer3.5.conv2
0.008784 0.0000
0.012506 0.4000
0.011418 0.4584
0.010340 0.5111
0.009147 0.5586
0.007524 0.6016
0.007526 0.6403
0.006417 0.6753
0.005958 0.7069
0.005317 0.7354
0.004932 0.7612
0.004449 0.7844
0.004074 0.8054
0.003778 0.8243
0.003553 0.8414
0.003201 0.8568
0.003102 0.8708
0.002871 0.8833
0.002631 0.8947
0.002372 0.9049
0.002249 0.9142
0.002137 0.9225
0.001955 0.9301
0.001815 0.9369
0.001676 0.9430
0.001612 0.9486
0.001491 0.9536
0.001416 0.9581
0.001347 0.9622
0.001248 0.9658
0.001218 0.9692
0.001193 0.9722
0.001130 0.9749
0.001105 0.9773
0.001002 0.9795
0.000973 0.9815
0.000931 0.9833
0.000914 0.9849
0.000869 0.9864
0.000849 0.9877
0.000797 0.9889
0.000734 0.9900
layer3.5.conv3
0.006102 0.0000
0.006000 0.4000
0.005555 0.4584
0.005174 0.5111
0.004764 0.5586
0.004302 0.6016
0.004166 0.6403
0.003710 0.6753
0.003409 0.7069
0.003189 0.7354
0.002899 0.7612
0.002699 0.7844
0.002432 0.8054
0.002239 0.8243
0.002142 0.8414
0.002003 0.8568
0.001867 0.8708
0.001736 0.8833
0.001557 0.8947
0.001454 0.9049
0.001341 0.9142
0.001278 0.9225
0.001239 0.9301
0.001135 0.9369
0.001098 0.9430
0.001065 0.9486
0.001017 0.9536
0.001001 0.9581
0.000993 0.9622
0.000954 0.9658
0.000938 0.9692
0.000924 0.9722
0.000955 0.9749
0.000913 0.9773
0.000913 0.9795
0.000907 0.9815
0.000881 0.9833
0.000856 0.9849
0.000884 0.9864
0.000863 0.9877
0.000841 0.9889
0.000881 0.9900
layer4.0.conv1
0.012245 0.0000
0.012306 0.4000
0.010937 0.4584
0.008807 0.5111
0.008187 0.5586
0.007317 0.6016
0.006797 0.6403
0.006262 0.6753
0.005786 0.7069
0.005473 0.7354
0.005131 0.7612
0.004777 0.7844
0.004448 0.8054
0.004179 0.8243
0.003855 0.8414
0.003702 0.8568
0.003483 0.8708
0.003279 0.8833
0.003183 0.8947
0.002868 0.9049
0.002675 0.9142
0.002590 0.9225
0.002410 0.9301
0.002367 0.9369
0.002198 0.9430
0.002182 0.9486
0.002127 0.9536
0.001975 0.9581
0.001931 0.9622
0.001853 0.9658
0.001801 0.9692
0.001749 0.9722
0.001729 0.9749
0.001685 0.9773
0.001648 0.9795
0.001635 0.9815
0.001549 0.9833
0.001573 0.9849
0.001556 0.9864
0.001501 0.9877
0.001469 0.9889
0.001482 0.9900
layer4.0.conv2
0.018194 0.0000
0.022582 0.4000
0.021172 0.4584
0.019201 0.5111
0.016064 0.5586
0.013910 0.6016
0.012850 0.6403
0.011368 0.6753
0.010274 0.7069
0.009132 0.7354
0.008325 0.7612
0.007594 0.7844
0.006306 0.8054
0.005647 0.8243
0.005142 0.8414
0.004596 0.8568
0.004104 0.8708
0.003970 0.8833
0.003419 0.8947
0.003155 0.9049
0.002951 0.9142
0.002781 0.9225
0.002513 0.9301
0.002493 0.9369
0.002342 0.9430
0.002070 0.9486
0.001936 0.9536
0.001937 0.9581
0.001760 0.9622
0.001650 0.9658
0.001627 0.9692
0.001603 0.9722
0.001521 0.9749
0.001476 0.9773
0.001432 0.9795
0.001379 0.9815
0.001332 0.9833
0.001317 0.9849
0.001235 0.9864
0.001239 0.9877
0.001194 0.9889
0.001116 0.9900
layer4.0.conv3
0.005978 0.0000
0.015926 0.4000
0.013167 0.4584
0.010782 0.5111
0.007814 0.5586
0.006048 0.6016
0.005611 0.6403
0.004964 0.6753
0.004675 0.7069
0.004263 0.7354
0.003953 0.7612
0.003711 0.7844
0.003417 0.8054
0.003230 0.8243
0.002966 0.8414
0.002757 0.8568
0.002430 0.8708
0.002277 0.8833
0.002041 0.8947
0.001869 0.9049
0.001743 0.9142
0.001571 0.9225
0.001398 0.9301
0.001307 0.9369
0.001218 0.9430
0.001158 0.9486
0.001062 0.9536
0.000976 0.9581
0.000907 0.9622
0.000847 0.9658
0.000815 0.9692
0.000780 0.9722
0.000733 0.9749
0.000700 0.9773
0.000666 0.9795
0.000674 0.9815
0.000603 0.9833
0.000584 0.9849
0.000572 0.9864
0.000583 0.9877
0.000545 0.9889
0.000493 0.9900
layer4.0.downsample.0
0.016812 0.0000
0.085327 0.4000
0.073915 0.4584
0.064333 0.5111
0.055459 0.5586
0.044959 0.6016
0.038345 0.6403
0.033000 0.6753
0.026599 0.7069
0.021088 0.7354
0.015819 0.7612
0.011083 0.7844
0.007145 0.8054
0.005309 0.8243
0.005786 0.8414
0.004605 0.8568
0.004181 0.8708
0.004066 0.8833
0.003498 0.8947
0.003378 0.9049
0.003070 0.9142
0.002885 0.9225
0.002537 0.9301
0.002418 0.9369
0.002271 0.9430
0.002225 0.9486
0.002099 0.9536
0.001926 0.9581
0.001833 0.9622
0.001531 0.9658
0.001529 0.9692
0.001447 0.9722
0.001427 0.9749
0.001328 0.9773
0.001150 0.9795
0.001193 0.9815
0.001180 0.9833
0.001093 0.9849
0.000955 0.9864
0.001021 0.9877
0.000947 0.9889
0.000848 0.9900
layer4.1.conv1
0.006391 0.0000
0.016851 0.4000
0.013670 0.4584
0.011262 0.5111
0.009814 0.5586
0.007038 0.6016
0.006377 0.6403
0.005276 0.6753
0.005023 0.7069
0.004279 0.7354
0.003912 0.7612
0.003526 0.7844
0.003112 0.8054
0.002754 0.8243
0.002654 0.8414
0.002368 0.8568
0.002137 0.8708
0.002073 0.8833
0.002011 0.8947
0.001745 0.9049
0.001566 0.9142
0.001483 0.9225
0.001377 0.9301
0.001268 0.9369
0.001243 0.9430
0.001130 0.9486
0.001045 0.9536
0.000962 0.9581
0.000895 0.9622
0.000834 0.9658
0.000787 0.9692
0.000773 0.9722
0.000697 0.9749
0.000733 0.9773
0.000649 0.9795
0.000599 0.9815
0.000600 0.9833
0.000584 0.9849
0.000555 0.9864
0.000555 0.9877
0.000526 0.9889
0.000470 0.9900
layer4.1.conv2
0.014200 0.0000
0.022189 0.4000
0.019538 0.4584
0.017910 0.5111
0.016043 0.5586
0.013108 0.6016
0.012065 0.6403
0.010536 0.6753
0.009904 0.7069
0.008466 0.7354
0.007797 0.7612
0.006713 0.7844
0.005636 0.8054
0.004879 0.8243
0.004373 0.8414
0.003946 0.8568
0.003663 0.8708
0.003160 0.8833
0.002917 0.8947
0.002745 0.9049
0.002490 0.9142
0.002239 0.9225
0.002136 0.9301
0.001965 0.9369
0.001742 0.9430
0.001673 0.9486
0.001505 0.9536
0.001408 0.9581
0.001319 0.9622
0.001212 0.9658
0.001170 0.9692
0.001162 0.9722
0.000993 0.9749
0.000921 0.9773
0.000861 0.9795
0.000813 0.9815
0.000742 0.9833
0.000761 0.9849
0.000742 0.9864
0.000712 0.9877
0.000709 0.9889
0.000693 0.9900
layer4.1.conv3
0.006015 0.0000
0.015898 0.4000
0.013447 0.4584
0.011167 0.5111
0.007809 0.5586
0.006711 0.6016
0.005673 0.6403
0.004949 0.6753
0.004659 0.7069
0.004133 0.7354
0.003852 0.7612
0.003484 0.7844
0.003338 0.8054
0.003103 0.8243
0.002841 0.8414
0.002749 0.8568
0.002537 0.8708
0.002240 0.8833
0.002130 0.8947
0.002163 0.9049
0.001924 0.9142
0.001793 0.9225
0.001629 0.9301
0.001365 0.9369
0.001250 0.9430
0.001254 0.9486
0.001149 0.9536
0.001038 0.9581
0.000996 0.9622
0.000871 0.9658
0.000859 0.9692
0.000807 0.9722
0.000757 0.9749
0.000761 0.9773
0.000667 0.9795
0.000637 0.9815
0.000585 0.9833
0.000588 0.9849
0.000585 0.9864
0.000589 0.9877
0.000547 0.9889
0.000528 0.9900
layer4.2.conv1
0.006437 0.0000
0.016430 0.4000
0.013431 0.4584
0.010829 0.5111
0.008732 0.5586
0.006134 0.6016
0.005437 0.6403
0.004596 0.6753
0.004296 0.7069
0.003763 0.7354
0.003468 0.7612
0.003199 0.7844
0.002951 0.8054
0.002838 0.8243
0.002580 0.8414
0.002435 0.8568
0.002293 0.8708
0.002160 0.8833
0.002020 0.8947
0.001933 0.9049
0.001752 0.9142
0.001667 0.9225
0.001531 0.9301
0.001492 0.9369
0.001481 0.9430
0.001297 0.9486
0.001203 0.9536
0.001171 0.9581
0.001118 0.9622
0.000993 0.9658
0.000979 0.9692
0.000920 0.9722
0.000846 0.9749
0.000794 0.9773
0.000762 0.9795
0.000714 0.9815
0.000615 0.9833
0.000610 0.9849
0.000580 0.9864
0.000542 0.9877
0.000533 0.9889
0.000494 0.9900
layer4.2.conv2
0.014214 0.0000
0.019777 0.4000
0.017781 0.4584
0.016369 0.5111
0.014218 0.5586
0.012184 0.6016
0.010956 0.6403
0.009754 0.6753
0.008989 0.7069
0.007863 0.7354
0.007148 0.7612
0.006270 0.7844
0.004910 0.8054
0.004227 0.8243
0.003764 0.8414
0.003444 0.8568
0.003181 0.8708
0.002942 0.8833
0.002706 0.8947
0.002535 0.9049
0.002294 0.9142
0.002131 0.9225
0.001972 0.9301
0.001806 0.9369
0.001703 0.9430
0.001660 0.9486
0.001478 0.9536
0.001388 0.9581
0.001256 0.9622
0.001206 0.9658
0.001156 0.9692
0.001099 0.9722
0.001047 0.9749
0.000997 0.9773
0.000958 0.9795
0.000883 0.9815
0.000826 0.9833
0.000830 0.9849
0.000735 0.9864
0.000733 0.9877
0.000703 0.9889
0.000623 0.9900
layer4.2.conv3
0.005844 0.0000
0.016442 0.4000
0.014606 0.4584
0.012313 0.5111
0.009516 0.5586
0.006237 0.6016
0.006136 0.6403
0.005099 0.6753
0.004768 0.7069
0.004443 0.7354
0.003937 0.7612
0.003617 0.7844
0.003379 0.8054
0.003151 0.8243
0.002994 0.8414
0.002833 0.8568
0.002722 0.8708
0.002506 0.8833
0.002326 0.8947
0.002145 0.9049
0.001944 0.9142
0.001766 0.9225
0.001608 0.9301
0.001481 0.9369
0.001307 0.9430
0.001232 0.9486
0.001131 0.9536
0.001023 0.9581
0.000962 0.9622
0.000893 0.9658
0.000857 0.9692
0.000860 0.9722
0.000787 0.9749
0.000778 0.9773
0.000680 0.9795
0.000664 0.9815
0.000612 0.9833
0.000596 0.9849
0.000571 0.9864
0.000601 0.9877
0.000535 0.9889
0.000491 0.9900
fc
0.000462 0.0000
0.001614 0.4000
0.001379 0.4584
0.001354 0.5111
0.001261 0.5586
0.001074 0.6016
0.001028 0.6403
0.000872 0.6753
0.000855 0.7069
0.000804 0.7354
0.000712 0.7612
0.000650 0.7844
0.000563 0.8054
0.000528 0.8243
0.000532 0.8414
0.000420 0.8568
0.000415 0.8708
0.000378 0.8833
0.000345 0.8947
0.000333 0.9049
0.000328 0.9142
0.000259 0.9225
0.000255 0.9301
0.000249 0.9369
0.000240 0.9430
0.000229 0.9486
0.000217 0.9536
0.000197 0.9581
0.000190 0.9622
0.000166 0.9658
0.000181 0.9692
0.000176 0.9722
0.000164 0.9749
0.000160 0.9773
0.000131 0.9795
0.000139 0.9815
0.000129 0.9833
0.000120 0.9849
0.000107 0.9864
0.000095 0.9877
0.000101 0.9889
0.000086 0.9900
