base
0.07090585000000002
prunable
0.06581324999999999
layer1.0.conv1
0.000247 0.0000
0.000170 0.4000
0.000171 0.4324
0.000165 0.4631
0.000157 0.4921
0.000153 0.5196
0.000151 0.5455
0.000153 0.5701
0.000151 0.5933
0.000151 0.6153
0.000143 0.6361
0.000139 0.6558
0.000144 0.6744
0.000142 0.6920
0.000139 0.7086
0.000134 0.7244
0.000134 0.7393
0.000135 0.7534
0.000134 0.7667
0.000128 0.7793
0.000133 0.7912
0.000128 0.8025
0.000124 0.8132
0.000127 0.8233
0.000126 0.8328
0.000122 0.8419
0.000126 0.8504
0.000119 0.8585
0.000122 0.8662
0.000117 0.8734
0.000118 0.8802
0.000122 0.8867
0.000115 0.8928
0.000119 0.8986
0.000117 0.9041
0.000118 0.9093
0.000119 0.9142
0.000116 0.9188
0.000118 0.9232
0.000117 0.9274
0.000111 0.9313
0.000110 0.9350
layer1.0.conv2
0.001672 0.0000
0.000845 0.4000
0.000802 0.4324
0.000763 0.4631
0.000734 0.4921
0.000698 0.5196
0.000649 0.5455
0.000627 0.5701
0.000599 0.5933
0.000577 0.6153
0.000569 0.6361
0.000550 0.6558
0.000522 0.6744
0.000507 0.6920
0.000469 0.7086
0.000465 0.7244
0.000454 0.7393
0.000436 0.7534
0.000423 0.7667
0.000408 0.7793
0.000393 0.7912
0.000384 0.8025
0.000368 0.8132
0.000348 0.8233
0.000346 0.8328
0.000337 0.8419
0.000325 0.8504
0.000314 0.8585
0.000309 0.8662
0.000302 0.8734
0.000297 0.8802
0.000288 0.8867
0.000278 0.8928
0.000277 0.8986
0.000269 0.9041
0.000265 0.9093
0.000260 0.9142
0.000258 0.9188
0.000254 0.9232
0.000253 0.9274
0.000249 0.9313
0.000248 0.9350
layer1.0.conv3
0.001010 0.0000
0.000687 0.4000
0.000708 0.4324
0.000708 0.4631
0.000741 0.4921
0.000751 0.5196
0.000708 0.5455
0.000721 0.5701
0.000749 0.5933
0.000721 0.6153
0.000746 0.6361
0.000734 0.6558
0.000714 0.6744
0.000725 0.6920
0.000704 0.7086
0.000705 0.7244
0.000695 0.7393
0.000688 0.7534
0.000686 0.7667
0.000692 0.7793
0.000703 0.7912
0.000710 0.8025
0.000682 0.8132
0.000673 0.8233
0.000657 0.8328
0.000636 0.8419
0.000636 0.8504
0.000638 0.8585
0.000668 0.8662
0.000659 0.8734
0.000663 0.8802
0.000662 0.8867
0.000649 0.8928
0.000682 0.8986
0.000642 0.9041
0.000638 0.9093
0.000636 0.9142
0.000631 0.9188
0.000628 0.9232
0.000631 0.9274
0.000627 0.9313
0.000629 0.9350
layer1.0.downsample.0
0.001647 0.0000
0.001212 0.4000
0.001226 0.4324
0.001216 0.4631
0.001234 0.4921
0.001245 0.5196
0.001194 0.5455
0.001205 0.5701
0.001234 0.5933
0.001199 0.6153
0.001216 0.6361
0.001214 0.6558
0.001188 0.6744
0.001175 0.6920
0.001178 0.7086
0.001172 0.7244
0.001163 0.7393
0.001140 0.7534
0.001149 0.7667
0.001145 0.7793
0.001159 0.7912
0.001176 0.8025
0.001137 0.8132
0.001134 0.8233
0.001100 0.8328
0.001081 0.8419
0.001074 0.8504
0.001084 0.8585
0.001118 0.8662
0.001115 0.8734
0.001122 0.8802
0.001114 0.8867
0.001092 0.8928
0.001141 0.8986
0.001077 0.9041
0.001073 0.9093
0.001068 0.9142
0.001067 0.9188
0.001060 0.9232
0.001065 0.9274
0.001063 0.9313
0.001063 0.9350
layer1.1.conv1
0.000794 0.0000
0.000627 0.4000
0.000626 0.4324
0.000610 0.4631
0.000620 0.4921
0.000619 0.5196
0.000602 0.5455
0.000602 0.5701
0.000610 0.5933
0.000590 0.6153
0.000600 0.6361
0.000598 0.6558
0.000594 0.6744
0.000587 0.6920
0.000595 0.7086
0.000596 0.7244
0.000586 0.7393
0.000580 0.7534
0.000580 0.7667
0.000575 0.7793
0.000586 0.7912
0.000582 0.8025
0.000581 0.8132
0.000589 0.8233
0.000574 0.8328
0.000581 0.8419
0.000577 0.8504
0.000576 0.8585
0.000572 0.8662
0.000586 0.8734
0.000589 0.8802
0.000582 0.8867
0.000585 0.8928
0.000590 0.8986
0.000575 0.9041
0.000577 0.9093
0.000571 0.9142
0.000568 0.9188
0.000567 0.9232
0.000577 0.9274
0.000575 0.9313
0.000574 0.9350
layer1.1.conv2
0.001674 0.0000
0.000836 0.4000
0.000808 0.4324
0.000757 0.4631
0.000730 0.4921
0.000698 0.5196
0.000645 0.5455
0.000626 0.5701
0.000596 0.5933
0.000580 0.6153
0.000565 0.6361
0.000540 0.6558
0.000519 0.6744
0.000498 0.6920
0.000467 0.7086
0.000470 0.7244
0.000450 0.7393
0.000434 0.7534
0.000419 0.7667
0.000398 0.7793
0.000387 0.7912
0.000373 0.8025
0.000363 0.8132
0.000342 0.8233
0.000343 0.8328
0.000328 0.8419
0.000331 0.8504
0.000316 0.8585
0.000305 0.8662
0.000300 0.8734
0.000291 0.8802
0.000283 0.8867
0.000279 0.8928
0.000270 0.8986
0.000265 0.9041
0.000259 0.9093
0.000256 0.9142
0.000250 0.9188
0.000250 0.9232
0.000243 0.9274
0.000245 0.9313
0.000236 0.9350
layer1.1.conv3
0.001546 0.0000
0.001140 0.4000
0.001146 0.4324
0.001130 0.4631
0.001149 0.4921
0.001147 0.5196
0.001112 0.5455
0.001130 0.5701
0.001155 0.5933
0.001115 0.6153
0.001134 0.6361
0.001116 0.6558
0.001085 0.6744
0.001102 0.6920
0.001085 0.7086
0.001071 0.7244
0.001065 0.7393
0.001048 0.7534
0.001047 0.7667
0.001048 0.7793
0.001052 0.7912
0.001074 0.8025
0.001026 0.8132
0.001023 0.8233
0.001000 0.8328
0.000978 0.8419
0.000971 0.8504
0.000979 0.8585
0.001003 0.8662
0.000999 0.8734
0.001005 0.8802
0.000992 0.8867
0.000977 0.8928
0.001026 0.8986
0.000971 0.9041
0.000964 0.9093
0.000964 0.9142
0.000955 0.9188
0.000951 0.9232
0.000957 0.9274
0.000948 0.9313
0.000955 0.9350
layer1.2.conv1
0.000797 0.0000
0.000602 0.4000
0.000590 0.4324
0.000578 0.4631
0.000579 0.4921
0.000574 0.5196
0.000553 0.5455
0.000556 0.5701
0.000547 0.5933
0.000539 0.6153
0.000547 0.6361
0.000543 0.6558
0.000533 0.6744
0.000530 0.6920
0.000532 0.7086
0.000526 0.7244
0.000521 0.7393
0.000522 0.7534
0.000514 0.7667
0.000513 0.7793
0.000517 0.7912
0.000516 0.8025
0.000511 0.8132
0.000517 0.8233
0.000506 0.8328
0.000508 0.8419
0.000496 0.8504
0.000503 0.8585
0.000508 0.8662
0.000515 0.8734
0.000508 0.8802
0.000507 0.8867
0.000516 0.8928
0.000520 0.8986
0.000502 0.9041
0.000504 0.9093
0.000498 0.9142
0.000500 0.9188
0.000502 0.9232
0.000502 0.9274
0.000505 0.9313
0.000496 0.9350
layer1.2.conv2
0.001672 0.0000
0.000830 0.4000
0.000801 0.4324
0.000761 0.4631
0.000724 0.4921
0.000695 0.5196
0.000643 0.5455
0.000623 0.5701
0.000599 0.5933
0.000570 0.6153
0.000566 0.6361
0.000540 0.6558
0.000522 0.6744
0.000501 0.6920
0.000472 0.7086
0.000465 0.7244
0.000452 0.7393
0.000431 0.7534
0.000413 0.7667
0.000398 0.7793
0.000390 0.7912
0.000374 0.8025
0.000364 0.8132
0.000340 0.8233
0.000338 0.8328
0.000325 0.8419
0.000317 0.8504
0.000311 0.8585
0.000306 0.8662
0.000292 0.8734
0.000288 0.8802
0.000279 0.8867
0.000274 0.8928
0.000268 0.8986
0.000263 0.9041
0.000258 0.9093
0.000249 0.9142
0.000249 0.9188
0.000242 0.9232
0.000240 0.9274
0.000239 0.9313
0.000237 0.9350
layer1.2.conv3
0.001546 0.0000
0.001135 0.4000
0.001135 0.4324
0.001120 0.4631
0.001132 0.4921
0.001132 0.5196
0.001097 0.5455
0.001112 0.5701
0.001120 0.5933
0.001092 0.6153
0.001111 0.6361
0.001094 0.6558
0.001068 0.6744
0.001066 0.6920
0.001070 0.7086
0.001053 0.7244
0.001049 0.7393
0.001032 0.7534
0.001023 0.7667
0.001023 0.7793
0.001033 0.7912
0.001051 0.8025
0.001004 0.8132
0.001004 0.8233
0.000985 0.8328
0.000968 0.8419
0.000959 0.8504
0.000965 0.8585
0.000984 0.8662
0.000978 0.8734
0.000988 0.8802
0.000975 0.8867
0.000959 0.8928
0.000997 0.8986
0.000948 0.9041
0.000946 0.9093
0.000951 0.9142
0.000940 0.9188
0.000935 0.9232
0.000937 0.9274
0.000934 0.9313
0.000933 0.9350
layer2.0.conv1
0.001387 0.0000
0.000934 0.4000
0.000905 0.4324
0.000873 0.4631
0.000850 0.4921
0.000832 0.5196
0.000786 0.5455
0.000770 0.5701
0.000746 0.5933
0.000723 0.6153
0.000717 0.6361
0.000701 0.6558
0.000681 0.6744
0.000668 0.6920
0.000654 0.7086
0.000649 0.7244
0.000637 0.7393
0.000626 0.7534
0.000617 0.7667
0.000608 0.7793
0.000602 0.7912
0.000603 0.8025
0.000583 0.8132
0.000585 0.8233
0.000576 0.8328
0.000572 0.8419
0.000570 0.8504
0.000554 0.8585
0.000558 0.8662
0.000565 0.8734
0.000552 0.8802
0.000553 0.8867
0.000563 0.8928
0.000555 0.8986
0.000539 0.9041
0.000540 0.9093
0.000533 0.9142
0.000530 0.9188
0.000528 0.9232
0.000534 0.9274
0.000536 0.9313
0.000523 0.9350
layer2.0.conv2
0.001985 0.0000
0.000994 0.4000
0.000941 0.4324
0.000881 0.4631
0.000837 0.4921
0.000786 0.5196
0.000727 0.5455
0.000710 0.5701
0.000679 0.5933
0.000634 0.6153
0.000626 0.6361
0.000591 0.6558
0.000563 0.6744
0.000545 0.6920
0.000504 0.7086
0.000503 0.7244
0.000486 0.7393
0.000466 0.7534
0.000455 0.7667
0.000438 0.7793
0.000428 0.7912
0.000414 0.8025
0.000404 0.8132
0.000384 0.8233
0.000381 0.8328
0.000369 0.8419
0.000365 0.8504
0.000350 0.8585
0.000340 0.8662
0.000337 0.8734
0.000329 0.8802
0.000320 0.8867
0.000323 0.8928
0.000307 0.8986
0.000301 0.9041
0.000300 0.9093
0.000296 0.9142
0.000292 0.9188
0.000289 0.9232
0.000283 0.9274
0.000287 0.9313
0.000275 0.9350
layer2.0.conv3
0.000800 0.0000
0.000509 0.4000
0.000490 0.4324
0.000476 0.4631
0.000465 0.4921
0.000449 0.5196
0.000433 0.5455
0.000417 0.5701
0.000403 0.5933
0.000386 0.6153
0.000372 0.6361
0.000364 0.6558
0.000348 0.6744
0.000342 0.6920
0.000341 0.7086
0.000327 0.7244
0.000325 0.7393
0.000314 0.7534
0.000311 0.7667
0.000302 0.7793
0.000295 0.7912
0.000288 0.8025
0.000283 0.8132
0.000277 0.8233
0.000272 0.8328
0.000265 0.8419
0.000259 0.8504
0.000261 0.8585
0.000254 0.8662
0.000253 0.8734
0.000245 0.8802
0.000249 0.8867
0.000240 0.8928
0.000238 0.8986
0.000230 0.9041
0.000229 0.9093
0.000227 0.9142
0.000225 0.9188
0.000219 0.9232
0.000224 0.9274
0.000219 0.9313
0.000212 0.9350
layer2.0.downsample.0
0.001751 0.0000
0.001246 0.4000
0.001214 0.4324
0.001181 0.4631
0.001158 0.4921
0.001139 0.5196
0.001081 0.5455
0.001052 0.5701
0.001015 0.5933
0.000984 0.6153
0.000968 0.6361
0.000933 0.6558
0.000913 0.6744
0.000900 0.6920
0.000879 0.7086
0.000873 0.7244
0.000859 0.7393
0.000838 0.7534
0.000831 0.7667
0.000812 0.7793
0.000796 0.7912
0.000779 0.8025
0.000760 0.8132
0.000747 0.8233
0.000736 0.8328
0.000730 0.8419
0.000705 0.8504
0.000703 0.8585
0.000695 0.8662
0.000686 0.8734
0.000674 0.8802
0.000671 0.8867
0.000652 0.8928
0.000646 0.8986
0.000639 0.9041
0.000631 0.9093
0.000625 0.9142
0.000623 0.9188
0.000616 0.9232
0.000608 0.9274
0.000604 0.9313
0.000598 0.9350
layer2.1.conv1
0.000711 0.0000
0.000405 0.4000
0.000386 0.4324
0.000371 0.4631
0.000356 0.4921
0.000344 0.5196
0.000321 0.5455
0.000314 0.5701
0.000301 0.5933
0.000288 0.6153
0.000279 0.6361
0.000267 0.6558
0.000261 0.6744
0.000249 0.6920
0.000239 0.7086
0.000239 0.7244
0.000238 0.7393
0.000223 0.7534
0.000217 0.7667
0.000215 0.7793
0.000207 0.7912
0.000203 0.8025
0.000198 0.8132
0.000188 0.8233
0.000187 0.8328
0.000185 0.8419
0.000175 0.8504
0.000173 0.8585
0.000168 0.8662
0.000167 0.8734
0.000163 0.8802
0.000159 0.8867
0.000156 0.8928
0.000155 0.8986
0.000151 0.9041
0.000151 0.9093
0.000147 0.9142
0.000145 0.9188
0.000142 0.9232
0.000140 0.9274
0.000139 0.9313
0.000140 0.9350
layer2.1.conv2
0.001672 0.0000
0.000949 0.4000
0.000895 0.4324
0.000836 0.4631
0.000786 0.4921
0.000746 0.5196
0.000669 0.5455
0.000634 0.5701
0.000602 0.5933
0.000574 0.6153
0.000566 0.6361
0.000536 0.6558
0.000518 0.6744
0.000494 0.6920
0.000459 0.7086
0.000455 0.7244
0.000436 0.7393
0.000419 0.7534
0.000406 0.7667
0.000389 0.7793
0.000369 0.7912
0.000358 0.8025
0.000346 0.8132
0.000326 0.8233
0.000319 0.8328
0.000312 0.8419
0.000296 0.8504
0.000288 0.8585
0.000276 0.8662
0.000267 0.8734
0.000268 0.8802
0.000260 0.8867
0.000254 0.8928
0.000244 0.8986
0.000233 0.9041
0.000229 0.9093
0.000227 0.9142
0.000225 0.9188
0.000213 0.9232
0.000219 0.9274
0.000209 0.9313
0.000203 0.9350
layer2.1.conv3
0.001050 0.0000
0.000762 0.4000
0.000747 0.4324
0.000729 0.4631
0.000716 0.4921
0.000699 0.5196
0.000682 0.5455
0.000668 0.5701
0.000653 0.5933
0.000641 0.6153
0.000622 0.6361
0.000608 0.6558
0.000599 0.6744
0.000589 0.6920
0.000586 0.7086
0.000579 0.7244
0.000570 0.7393
0.000563 0.7534
0.000554 0.7667
0.000548 0.7793
0.000545 0.7912
0.000540 0.8025
0.000529 0.8132
0.000532 0.8233
0.000520 0.8328
0.000515 0.8419
0.000504 0.8504
0.000507 0.8585
0.000502 0.8662
0.000497 0.8734
0.000492 0.8802
0.000487 0.8867
0.000488 0.8928
0.000483 0.8986
0.000478 0.9041
0.000476 0.9093
0.000477 0.9142
0.000472 0.9188
0.000467 0.9232
0.000464 0.9274
0.000466 0.9313
0.000463 0.9350
layer2.2.conv1
0.000704 0.0000
0.000403 0.4000
0.000386 0.4324
0.000372 0.4631
0.000360 0.4921
0.000340 0.5196
0.000321 0.5455
0.000316 0.5701
0.000304 0.5933
0.000291 0.6153
0.000280 0.6361
0.000268 0.6558
0.000261 0.6744
0.000252 0.6920
0.000242 0.7086
0.000239 0.7244
0.000234 0.7393
0.000223 0.7534
0.000219 0.7667
0.000213 0.7793
0.000207 0.7912
0.000201 0.8025
0.000199 0.8132
0.000191 0.8233
0.000182 0.8328
0.000183 0.8419
0.000177 0.8504
0.000171 0.8585
0.000168 0.8662
0.000164 0.8734
0.000162 0.8802
0.000160 0.8867
0.000158 0.8928
0.000155 0.8986
0.000149 0.9041
0.000146 0.9093
0.000145 0.9142
0.000144 0.9188
0.000142 0.9232
0.000140 0.9274
0.000139 0.9313
0.000137 0.9350
layer2.2.conv2
0.001674 0.0000
0.000941 0.4000
0.000889 0.4324
0.000836 0.4631
0.000793 0.4921
0.000737 0.5196
0.000674 0.5455
0.000631 0.5701
0.000599 0.5933
0.000570 0.6153
0.000563 0.6361
0.000543 0.6558
0.000517 0.6744
0.000494 0.6920
0.000451 0.7086
0.000449 0.7244
0.000428 0.7393
0.000414 0.7534
0.000400 0.7667
0.000381 0.7793
0.000366 0.7912
0.000357 0.8025
0.000340 0.8132
0.000327 0.8233
0.000316 0.8328
0.000304 0.8419
0.000292 0.8504
0.000280 0.8585
0.000271 0.8662
0.000264 0.8734
0.000258 0.8802
0.000252 0.8867
0.000247 0.8928
0.000240 0.8986
0.000227 0.9041
0.000221 0.9093
0.000219 0.9142
0.000217 0.9188
0.000205 0.9232
0.000214 0.9274
0.000202 0.9313
0.000194 0.9350
layer2.2.conv3
0.001034 0.0000
0.000753 0.4000
0.000740 0.4324
0.000727 0.4631
0.000709 0.4921
0.000690 0.5196
0.000682 0.5455
0.000662 0.5701
0.000652 0.5933
0.000630 0.6153
0.000612 0.6361
0.000604 0.6558
0.000594 0.6744
0.000593 0.6920
0.000581 0.7086
0.000574 0.7244
0.000566 0.7393
0.000561 0.7534
0.000552 0.7667
0.000551 0.7793
0.000542 0.7912
0.000528 0.8025
0.000530 0.8132
0.000525 0.8233
0.000518 0.8328
0.000512 0.8419
0.000511 0.8504
0.000504 0.8585
0.000498 0.8662
0.000492 0.8734
0.000489 0.8802
0.000484 0.8867
0.000481 0.8928
0.000477 0.8986
0.000475 0.9041
0.000471 0.9093
0.000469 0.9142
0.000470 0.9188
0.000461 0.9232
0.000460 0.9274
0.000457 0.9313
0.000453 0.9350
layer2.3.conv1
0.000697 0.0000
0.000407 0.4000
0.000391 0.4324
0.000373 0.4631
0.000363 0.4921
0.000342 0.5196
0.000322 0.5455
0.000314 0.5701
0.000302 0.5933
0.000289 0.6153
0.000280 0.6361
0.000271 0.6558
0.000263 0.6744
0.000255 0.6920
0.000242 0.7086
0.000238 0.7244
0.000234 0.7393
0.000225 0.7534
0.000220 0.7667
0.000213 0.7793
0.000210 0.7912
0.000208 0.8025
0.000200 0.8132
0.000191 0.8233
0.000187 0.8328
0.000180 0.8419
0.000178 0.8504
0.000176 0.8585
0.000168 0.8662
0.000169 0.8734
0.000164 0.8802
0.000161 0.8867
0.000158 0.8928
0.000154 0.8986
0.000149 0.9041
0.000148 0.9093
0.000148 0.9142
0.000148 0.9188
0.000140 0.9232
0.000141 0.9274
0.000142 0.9313
0.000137 0.9350
layer2.3.conv2
0.001672 0.0000
0.000942 0.4000
0.000884 0.4324
0.000838 0.4631
0.000788 0.4921
0.000743 0.5196
0.000670 0.5455
0.000631 0.5701
0.000603 0.5933
0.000567 0.6153
0.000566 0.6361
0.000543 0.6558
0.000518 0.6744
0.000488 0.6920
0.000448 0.7086
0.000447 0.7244
0.000428 0.7393
0.000414 0.7534
0.000397 0.7667
0.000382 0.7793
0.000365 0.7912
0.000357 0.8025
0.000341 0.8132
0.000323 0.8233
0.000319 0.8328
0.000305 0.8419
0.000299 0.8504
0.000281 0.8585
0.000272 0.8662
0.000262 0.8734
0.000262 0.8802
0.000251 0.8867
0.000247 0.8928
0.000236 0.8986
0.000230 0.9041
0.000222 0.9093
0.000221 0.9142
0.000219 0.9188
0.000206 0.9232
0.000212 0.9274
0.000202 0.9313
0.000191 0.9350
layer2.3.conv3
0.001035 0.0000
0.000761 0.4000
0.000743 0.4324
0.000722 0.4631
0.000707 0.4921
0.000695 0.5196
0.000676 0.5455
0.000663 0.5701
0.000643 0.5933
0.000626 0.6153
0.000616 0.6361
0.000601 0.6558
0.000589 0.6744
0.000584 0.6920
0.000576 0.7086
0.000573 0.7244
0.000566 0.7393
0.000558 0.7534
0.000553 0.7667
0.000546 0.7793
0.000538 0.7912
0.000529 0.8025
0.000524 0.8132
0.000523 0.8233
0.000515 0.8328
0.000513 0.8419
0.000504 0.8504
0.000501 0.8585
0.000497 0.8662
0.000492 0.8734
0.000488 0.8802
0.000483 0.8867
0.000481 0.8928
0.000478 0.8986
0.000474 0.9041
0.000469 0.9093
0.000468 0.9142
0.000466 0.9188
0.000463 0.9232
0.000461 0.9274
0.000455 0.9313
0.000456 0.9350
layer3.0.conv1
0.001423 0.0000
0.000769 0.4000
0.000735 0.4324
0.000702 0.4631
0.000678 0.4921
0.000648 0.5196
0.000607 0.5455
0.000591 0.5701
0.000566 0.5933
0.000538 0.6153
0.000517 0.6361
0.000500 0.6558
0.000478 0.6744
0.000457 0.6920
0.000432 0.7086
0.000432 0.7244
0.000419 0.7393
0.000407 0.7534
0.000391 0.7667
0.000378 0.7793
0.000367 0.7912
0.000357 0.8025
0.000345 0.8132
0.000328 0.8233
0.000321 0.8328
0.000316 0.8419
0.000304 0.8504
0.000300 0.8585
0.000288 0.8662
0.000282 0.8734
0.000272 0.8802
0.000267 0.8867
0.000263 0.8928
0.000252 0.8986
0.000247 0.9041
0.000238 0.9093
0.000235 0.9142
0.000232 0.9188
0.000225 0.9232
0.000223 0.9274
0.000218 0.9313
0.000213 0.9350
layer3.0.conv2
0.002126 0.0000
0.001221 0.4000
0.001149 0.4324
0.001107 0.4631
0.001052 0.4921
0.000997 0.5196
0.000944 0.5455
0.000914 0.5701
0.000872 0.5933
0.000840 0.6153
0.000786 0.6361
0.000759 0.6558
0.000735 0.6744
0.000688 0.6920
0.000652 0.7086
0.000631 0.7244
0.000608 0.7393
0.000578 0.7534
0.000549 0.7667
0.000533 0.7793
0.000506 0.7912
0.000487 0.8025
0.000469 0.8132
0.000446 0.8233
0.000431 0.8328
0.000420 0.8419
0.000402 0.8504
0.000395 0.8585
0.000377 0.8662
0.000366 0.8734
0.000357 0.8802
0.000349 0.8867
0.000340 0.8928
0.000327 0.8986
0.000322 0.9041
0.000310 0.9093
0.000294 0.9142
0.000292 0.9188
0.000285 0.9232
0.000280 0.9274
0.000273 0.9313
0.000267 0.9350
layer3.0.conv3
0.000686 0.0000
0.000453 0.4000
0.000432 0.4324
0.000422 0.4631
0.000409 0.4921
0.000390 0.5196
0.000373 0.5455
0.000357 0.5701
0.000343 0.5933
0.000327 0.6153
0.000319 0.6361
0.000310 0.6558
0.000296 0.6744
0.000288 0.6920
0.000278 0.7086
0.000272 0.7244
0.000263 0.7393
0.000258 0.7534
0.000249 0.7667
0.000245 0.7793
0.000236 0.7912
0.000225 0.8025
0.000221 0.8132
0.000216 0.8233
0.000207 0.8328
0.000202 0.8419
0.000195 0.8504
0.000195 0.8585
0.000188 0.8662
0.000187 0.8734
0.000177 0.8802
0.000180 0.8867
0.000173 0.8928
0.000168 0.8986
0.000163 0.9041
0.000159 0.9093
0.000159 0.9142
0.000154 0.9188
0.000153 0.9232
0.000150 0.9274
0.000148 0.9313
0.000148 0.9350
layer3.0.downsample.0
0.001552 0.0000
0.001175 0.4000
0.001101 0.4324
0.001041 0.4631
0.000999 0.4921
0.000962 0.5196
0.000893 0.5455
0.000855 0.5701
0.000820 0.5933
0.000786 0.6153
0.000770 0.6361
0.000744 0.6558
0.000709 0.6744
0.000711 0.6920
0.000662 0.7086
0.000659 0.7244
0.000649 0.7393
0.000627 0.7534
0.000607 0.7667
0.000597 0.7793
0.000578 0.7912
0.000563 0.8025
0.000555 0.8132
0.000530 0.8233
0.000517 0.8328
0.000513 0.8419
0.000493 0.8504
0.000490 0.8585
0.000477 0.8662
0.000462 0.8734
0.000456 0.8802
0.000446 0.8867
0.000436 0.8928
0.000426 0.8986
0.000420 0.9041
0.000418 0.9093
0.000406 0.9142
0.000396 0.9188
0.000390 0.9232
0.000388 0.9274
0.000381 0.9313
0.000378 0.9350
layer3.1.conv1
0.000825 0.0000
0.000457 0.4000
0.000437 0.4324
0.000413 0.4631
0.000392 0.4921
0.000374 0.5196
0.000343 0.5455
0.000334 0.5701
0.000321 0.5933
0.000314 0.6153
0.000300 0.6361
0.000289 0.6558
0.000280 0.6744
0.000271 0.6920
0.000253 0.7086
0.000248 0.7244
0.000244 0.7393
0.000236 0.7534
0.000227 0.7667
0.000220 0.7793
0.000213 0.7912
0.000206 0.8025
0.000199 0.8132
0.000189 0.8233
0.000185 0.8328
0.000181 0.8419
0.000171 0.8504
0.000168 0.8585
0.000162 0.8662
0.000160 0.8734
0.000155 0.8802
0.000149 0.8867
0.000145 0.8928
0.000140 0.8986
0.000139 0.9041
0.000134 0.9093
0.000132 0.9142
0.000126 0.9188
0.000123 0.9232
0.000121 0.9274
0.000117 0.9313
0.000115 0.9350
layer3.1.conv2
0.001815 0.0000
0.001085 0.4000
0.001041 0.4324
0.000997 0.4631
0.000945 0.4921
0.000899 0.5196
0.000839 0.5455
0.000800 0.5701
0.000776 0.5933
0.000740 0.6153
0.000696 0.6361
0.000674 0.6558
0.000649 0.6744
0.000611 0.6920
0.000570 0.7086
0.000557 0.7244
0.000530 0.7393
0.000502 0.7534
0.000482 0.7667
0.000470 0.7793
0.000458 0.7912
0.000441 0.8025
0.000423 0.8132
0.000398 0.8233
0.000380 0.8328
0.000368 0.8419
0.000351 0.8504
0.000341 0.8585
0.000335 0.8662
0.000316 0.8734
0.000312 0.8802
0.000290 0.8867
0.000288 0.8928
0.000278 0.8986
0.000277 0.9041
0.000259 0.9093
0.000250 0.9142
0.000244 0.9188
0.000240 0.9232
0.000235 0.9274
0.000230 0.9313
0.000225 0.9350
layer3.1.conv3
0.000804 0.0000
0.000582 0.4000
0.000562 0.4324
0.000549 0.4631
0.000537 0.4921
0.000520 0.5196
0.000502 0.5455
0.000487 0.5701
0.000469 0.5933
0.000456 0.6153
0.000452 0.6361
0.000436 0.6558
0.000422 0.6744
0.000412 0.6920
0.000406 0.7086
0.000399 0.7244
0.000396 0.7393
0.000384 0.7534
0.000377 0.7667
0.000370 0.7793
0.000362 0.7912
0.000356 0.8025
0.000348 0.8132
0.000344 0.8233
0.000335 0.8328
0.000332 0.8419
0.000328 0.8504
0.000323 0.8585
0.000319 0.8662
0.000316 0.8734
0.000306 0.8802
0.000307 0.8867
0.000300 0.8928
0.000297 0.8986
0.000293 0.9041
0.000289 0.9093
0.000287 0.9142
0.000286 0.9188
0.000281 0.9232
0.000278 0.9274
0.000280 0.9313
0.000280 0.9350
layer3.2.conv1
0.000830 0.0000
0.000462 0.4000
0.000438 0.4324
0.000420 0.4631
0.000401 0.4921
0.000378 0.5196
0.000348 0.5455
0.000345 0.5701
0.000329 0.5933
0.000318 0.6153
0.000302 0.6361
0.000295 0.6558
0.000278 0.6744
0.000265 0.6920
0.000247 0.7086
0.000248 0.7244
0.000240 0.7393
0.000231 0.7534
0.000221 0.7667
0.000216 0.7793
0.000210 0.7912
0.000203 0.8025
0.000197 0.8132
0.000184 0.8233
0.000183 0.8328
0.000173 0.8419
0.000171 0.8504
0.000163 0.8585
0.000157 0.8662
0.000153 0.8734
0.000147 0.8802
0.000143 0.8867
0.000143 0.8928
0.000133 0.8986
0.000130 0.9041
0.000127 0.9093
0.000123 0.9142
0.000119 0.9188
0.000117 0.9232
0.000114 0.9274
0.000113 0.9313
0.000108 0.9350
layer3.2.conv2
0.001818 0.0000
0.001077 0.4000
0.001041 0.4324
0.001000 0.4631
0.000939 0.4921
0.000890 0.5196
0.000838 0.5455
0.000802 0.5701
0.000774 0.5933
0.000735 0.6153
0.000690 0.6361
0.000669 0.6558
0.000633 0.6744
0.000602 0.6920
0.000560 0.7086
0.000548 0.7244
0.000524 0.7393
0.000499 0.7534
0.000479 0.7667
0.000468 0.7793
0.000443 0.7912
0.000426 0.8025
0.000411 0.8132
0.000390 0.8233
0.000376 0.8328
0.000363 0.8419
0.000353 0.8504
0.000331 0.8585
0.000318 0.8662
0.000309 0.8734
0.000298 0.8802
0.000288 0.8867
0.000280 0.8928
0.000269 0.8986
0.000264 0.9041
0.000256 0.9093
0.000248 0.9142
0.000238 0.9188
0.000232 0.9232
0.000230 0.9274
0.000224 0.9313
0.000218 0.9350
layer3.2.conv3
0.000799 0.0000
0.000581 0.4000
0.000562 0.4324
0.000546 0.4631
0.000532 0.4921
0.000518 0.5196
0.000496 0.5455
0.000485 0.5701
0.000467 0.5933
0.000457 0.6153
0.000450 0.6361
0.000432 0.6558
0.000420 0.6744
0.000409 0.6920
0.000401 0.7086
0.000395 0.7244
0.000389 0.7393
0.000381 0.7534
0.000378 0.7667
0.000368 0.7793
0.000360 0.7912
0.000353 0.8025
0.000349 0.8132
0.000338 0.8233
0.000334 0.8328
0.000331 0.8419
0.000324 0.8504
0.000316 0.8585
0.000317 0.8662
0.000310 0.8734
0.000305 0.8802
0.000304 0.8867
0.000300 0.8928
0.000297 0.8986
0.000294 0.9041
0.000288 0.9093
0.000288 0.9142
0.000282 0.9188
0.000281 0.9232
0.000280 0.9274
0.000279 0.9313
0.000276 0.9350
layer3.3.conv1
0.000828 0.0000
0.000459 0.4000
0.000436 0.4324
0.000417 0.4631
0.000399 0.4921
0.000375 0.5196
0.000343 0.5455
0.000339 0.5701
0.000328 0.5933
0.000315 0.6153
0.000302 0.6361
0.000291 0.6558
0.000278 0.6744
0.000267 0.6920
0.000248 0.7086
0.000246 0.7244
0.000239 0.7393
0.000232 0.7534
0.000223 0.7667
0.000217 0.7793
0.000205 0.7912
0.000201 0.8025
0.000193 0.8132
0.000183 0.8233
0.000183 0.8328
0.000173 0.8419
0.000166 0.8504
0.000165 0.8585
0.000158 0.8662
0.000156 0.8734
0.000149 0.8802
0.000142 0.8867
0.000140 0.8928
0.000134 0.8986
0.000131 0.9041
0.000126 0.9093
0.000123 0.9142
0.000122 0.9188
0.000118 0.9232
0.000115 0.9274
0.000113 0.9313
0.000109 0.9350
layer3.3.conv2
0.001822 0.0000
0.001071 0.4000
0.001037 0.4324
0.000987 0.4631
0.000933 0.4921
0.000885 0.5196
0.000844 0.5455
0.000801 0.5701
0.000767 0.5933
0.000726 0.6153
0.000694 0.6361
0.000662 0.6558
0.000638 0.6744
0.000606 0.6920
0.000568 0.7086
0.000541 0.7244
0.000526 0.7393
0.000500 0.7534
0.000476 0.7667
0.000459 0.7793
0.000442 0.7912
0.000424 0.8025
0.000410 0.8132
0.000388 0.8233
0.000371 0.8328
0.000356 0.8419
0.000344 0.8504
0.000331 0.8585
0.000319 0.8662
0.000308 0.8734
0.000297 0.8802
0.000286 0.8867
0.000276 0.8928
0.000269 0.8986
0.000261 0.9041
0.000255 0.9093
0.000245 0.9142
0.000238 0.9188
0.000231 0.9232
0.000230 0.9274
0.000223 0.9313
0.000217 0.9350
layer3.3.conv3
0.000801 0.0000
0.000585 0.4000
0.000565 0.4324
0.000544 0.4631
0.000531 0.4921
0.000512 0.5196
0.000488 0.5455
0.000483 0.5701
0.000469 0.5933
0.000455 0.6153
0.000448 0.6361
0.000433 0.6558
0.000422 0.6744
0.000416 0.6920
0.000397 0.7086
0.000396 0.7244
0.000386 0.7393
0.000380 0.7534
0.000376 0.7667
0.000366 0.7793
0.000363 0.7912
0.000354 0.8025
0.000343 0.8132
0.000340 0.8233
0.000331 0.8328
0.000327 0.8419
0.000324 0.8504
0.000321 0.8585
0.000312 0.8662
0.000307 0.8734
0.000309 0.8802
0.000304 0.8867
0.000299 0.8928
0.000294 0.8986
0.000293 0.9041
0.000289 0.9093
0.000285 0.9142
0.000287 0.9188
0.000280 0.9232
0.000282 0.9274
0.000275 0.9313
0.000274 0.9350
layer3.4.conv1
0.000827 0.0000
0.000457 0.4000
0.000437 0.4324
0.000419 0.4631
0.000396 0.4921
0.000376 0.5196
0.000346 0.5455
0.000339 0.5701
0.000326 0.5933
0.000314 0.6153
0.000303 0.6361
0.000292 0.6558
0.000278 0.6744
0.000265 0.6920
0.000251 0.7086
0.000245 0.7244
0.000237 0.7393
0.000234 0.7534
0.000224 0.7667
0.000215 0.7793
0.000210 0.7912
0.000202 0.8025
0.000195 0.8132
0.000185 0.8233
0.000178 0.8328
0.000176 0.8419
0.000167 0.8504
0.000163 0.8585
0.000157 0.8662
0.000153 0.8734
0.000151 0.8802
0.000143 0.8867
0.000138 0.8928
0.000134 0.8986
0.000130 0.9041
0.000127 0.9093
0.000122 0.9142
0.000120 0.9188
0.000119 0.9232
0.000116 0.9274
0.000112 0.9313
0.000109 0.9350
layer3.4.conv2
0.001821 0.0000
0.001075 0.4000
0.001043 0.4324
0.000995 0.4631
0.000934 0.4921
0.000890 0.5196
0.000845 0.5455
0.000797 0.5701
0.000766 0.5933
0.000720 0.6153
0.000687 0.6361
0.000663 0.6558
0.000637 0.6744
0.000613 0.6920
0.000569 0.7086
0.000542 0.7244
0.000523 0.7393
0.000498 0.7534
0.000477 0.7667
0.000463 0.7793
0.000439 0.7912
0.000416 0.8025
0.000404 0.8132
0.000387 0.8233
0.000370 0.8328
0.000360 0.8419
0.000339 0.8504
0.000329 0.8585
0.000319 0.8662
0.000304 0.8734
0.000295 0.8802
0.000285 0.8867
0.000276 0.8928
0.000269 0.8986
0.000258 0.9041
0.000255 0.9093
0.000245 0.9142
0.000238 0.9188
0.000233 0.9232
0.000229 0.9274
0.000223 0.9313
0.000216 0.9350
layer3.4.conv3
0.000797 0.0000
0.000573 0.4000
0.000561 0.4324
0.000545 0.4631
0.000529 0.4921
0.000515 0.5196
0.000491 0.5455
0.000478 0.5701
0.000466 0.5933
0.000451 0.6153
0.000442 0.6361
0.000432 0.6558
0.000420 0.6744
0.000412 0.6920
0.000401 0.7086
0.000396 0.7244
0.000388 0.7393
0.000381 0.7534
0.000378 0.7667
0.000367 0.7793
0.000360 0.7912
0.000350 0.8025
0.000346 0.8132
0.000338 0.8233
0.000333 0.8328
0.000328 0.8419
0.000319 0.8504
0.000322 0.8585
0.000313 0.8662
0.000311 0.8734
0.000306 0.8802
0.000303 0.8867
0.000298 0.8928
0.000295 0.8986
0.000290 0.9041
0.000290 0.9093
0.000285 0.9142
0.000284 0.9188
0.000280 0.9232
0.000280 0.9274
0.000278 0.9313
0.000275 0.9350
layer3.5.conv1
0.000830 0.0000
0.000459 0.4000
0.000438 0.4324
0.000415 0.4631
0.000399 0.4921
0.000377 0.5196
0.000348 0.5455
0.000342 0.5701
0.000328 0.5933
0.000314 0.6153
0.000305 0.6361
0.000290 0.6558
0.000281 0.6744
0.000264 0.6920
0.000247 0.7086
0.000248 0.7244
0.000236 0.7393
0.000228 0.7534
0.000221 0.7667
0.000216 0.7793
0.000206 0.7912
0.000201 0.8025
0.000193 0.8132
0.000186 0.8233
0.000180 0.8328
0.000173 0.8419
0.000164 0.8504
0.000161 0.8585
0.000156 0.8662
0.000152 0.8734
0.000147 0.8802
0.000143 0.8867
0.000138 0.8928
0.000134 0.8986
0.000131 0.9041
0.000127 0.9093
0.000122 0.9142
0.000119 0.9188
0.000116 0.9232
0.000113 0.9274
0.000114 0.9313
0.000109 0.9350
layer3.5.conv2
0.001819 0.0000
0.001076 0.4000
0.001041 0.4324
0.000995 0.4631
0.000935 0.4921
0.000895 0.5196
0.000841 0.5455
0.000801 0.5701
0.000772 0.5933
0.000723 0.6153
0.000696 0.6361
0.000659 0.6558
0.000632 0.6744
0.000604 0.6920
0.000571 0.7086
0.000541 0.7244
0.000526 0.7393
0.000498 0.7534
0.000478 0.7667
0.000459 0.7793
0.000441 0.7912
0.000420 0.8025
0.000406 0.8132
0.000386 0.8233
0.000374 0.8328
0.000356 0.8419
0.000342 0.8504
0.000332 0.8585
0.000320 0.8662
0.000305 0.8734
0.000294 0.8802
0.000285 0.8867
0.000275 0.8928
0.000267 0.8986
0.000260 0.9041
0.000254 0.9093
0.000244 0.9142
0.000238 0.9188
0.000234 0.9232
0.000227 0.9274
0.000221 0.9313
0.000215 0.9350
layer3.5.conv3
0.000798 0.0000
0.000578 0.4000
0.000558 0.4324
0.000543 0.4631
0.000536 0.4921
0.000512 0.5196
0.000495 0.5455
0.000481 0.5701
0.000471 0.5933
0.000455 0.6153
0.000448 0.6361
0.000429 0.6558
0.000418 0.6744
0.000412 0.6920
0.000401 0.7086
0.000394 0.7244
0.000386 0.7393
0.000383 0.7534
0.000378 0.7667
0.000365 0.7793
0.000360 0.7912
0.000353 0.8025
0.000346 0.8132
0.000340 0.8233
0.000335 0.8328
0.000330 0.8419
0.000327 0.8504
0.000317 0.8585
0.000314 0.8662
0.000309 0.8734
0.000305 0.8802
0.000299 0.8867
0.000298 0.8928
0.000294 0.8986
0.000288 0.9041
0.000288 0.9093
0.000288 0.9142
0.000283 0.9188
0.000280 0.9232
0.000280 0.9274
0.000277 0.9313
0.000276 0.9350
layer4.0.conv1
0.001558 0.0000
0.000866 0.4000
0.000824 0.4324
0.000773 0.4631
0.000775 0.4921
0.000709 0.5196
0.000657 0.5455
0.000625 0.5701
0.000600 0.5933
0.000578 0.6153
0.000556 0.6361
0.000529 0.6558
0.000505 0.6744
0.000494 0.6920
0.000453 0.7086
0.000453 0.7244
0.000429 0.7393
0.000418 0.7534
0.000403 0.7667
0.000388 0.7793
0.000374 0.7912
0.000361 0.8025
0.000349 0.8132
0.000329 0.8233
0.000325 0.8328
0.000313 0.8419
0.000303 0.8504
0.000289 0.8585
0.000284 0.8662
0.000273 0.8734
0.000263 0.8802
0.000255 0.8867
0.000247 0.8928
0.000241 0.8986
0.000235 0.9041
0.000227 0.9093
0.000224 0.9142
0.000217 0.9188
0.000211 0.9232
0.000203 0.9274
0.000200 0.9313
0.000195 0.9350
layer4.0.conv2
0.002473 0.0000
0.001187 0.4000
0.001121 0.4324
0.001095 0.4631
0.001022 0.4921
0.000970 0.5196
0.000937 0.5455
0.000903 0.5701
0.000863 0.5933
0.000806 0.6153
0.000770 0.6361
0.000733 0.6558
0.000710 0.6744
0.000689 0.6920
0.000652 0.7086
0.000624 0.7244
0.000613 0.7393
0.000603 0.7534
0.000572 0.7667
0.000554 0.7793
0.000532 0.7912
0.000513 0.8025
0.000502 0.8132
0.000486 0.8233
0.000463 0.8328
0.000464 0.8419
0.000444 0.8504
0.000415 0.8585
0.000407 0.8662
0.000387 0.8734
0.000382 0.8802
0.000384 0.8867
0.000375 0.8928
0.000368 0.8986
0.000340 0.9041
0.000317 0.9093
0.000317 0.9142
0.000314 0.9188
0.000297 0.9232
0.000302 0.9274
0.000287 0.9313
0.000298 0.9350
layer4.0.conv3
0.000772 0.0000
0.000649 0.4000
0.000616 0.4324
0.000586 0.4631
0.000563 0.4921
0.000539 0.5196
0.000502 0.5455
0.000483 0.5701
0.000453 0.5933
0.000443 0.6153
0.000419 0.6361
0.000398 0.6558
0.000379 0.6744
0.000362 0.6920
0.000345 0.7086
0.000337 0.7244
0.000330 0.7393
0.000306 0.7534
0.000308 0.7667
0.000284 0.7793
0.000269 0.7912
0.000266 0.8025
0.000250 0.8132
0.000237 0.8233
0.000231 0.8328
0.000219 0.8419
0.000211 0.8504
0.000206 0.8585
0.000205 0.8662
0.000192 0.8734
0.000188 0.8802
0.000179 0.8867
0.000176 0.8928
0.000172 0.8986
0.000171 0.9041
0.000161 0.9093
0.000157 0.9142
0.000157 0.9188
0.000155 0.9232
0.000147 0.9274
0.000145 0.9313
0.000142 0.9350
layer4.0.downsample.0
0.001718 0.0000
0.001758 0.4000
0.001667 0.4324
0.001591 0.4631
0.001553 0.4921
0.001464 0.5196
0.001396 0.5455
0.001332 0.5701
0.001279 0.5933
0.001226 0.6153
0.001175 0.6361
0.001126 0.6558
0.001076 0.6744
0.001020 0.6920
0.000982 0.7086
0.000943 0.7244
0.000890 0.7393
0.000848 0.7534
0.000804 0.7667
0.000755 0.7793
0.000738 0.7912
0.000674 0.8025
0.000649 0.8132
0.000620 0.8233
0.000594 0.8328
0.000568 0.8419
0.000549 0.8504
0.000526 0.8585
0.000507 0.8662
0.000486 0.8734
0.000469 0.8802
0.000453 0.8867
0.000446 0.8928
0.000432 0.8986
0.000415 0.9041
0.000403 0.9093
0.000394 0.9142
0.000376 0.9188
0.000370 0.9232
0.000354 0.9274
0.000347 0.9313
0.000338 0.9350
layer4.1.conv1
0.000902 0.0000
0.000771 0.4000
0.000796 0.4324
0.000708 0.4631
0.000682 0.4921
0.000643 0.5196
0.000605 0.5455
0.000569 0.5701
0.000546 0.5933
0.000518 0.6153
0.000513 0.6361
0.000457 0.6558
0.000437 0.6744
0.000419 0.6920
0.000383 0.7086
0.000367 0.7244
0.000349 0.7393
0.000355 0.7534
0.000326 0.7667
0.000304 0.7793
0.000299 0.7912
0.000284 0.8025
0.000266 0.8132
0.000254 0.8233
0.000255 0.8328
0.000232 0.8419
0.000226 0.8504
0.000222 0.8585
0.000211 0.8662
0.000206 0.8734
0.000209 0.8802
0.000188 0.8867
0.000183 0.8928
0.000194 0.8986
0.000179 0.9041
0.000168 0.9093
0.000169 0.9142
0.000161 0.9188
0.000172 0.9232
0.000152 0.9274
0.000154 0.9313
0.000149 0.9350
layer4.1.conv2
0.002144 0.0000
0.001129 0.4000
0.001064 0.4324
0.001024 0.4631
0.000958 0.4921
0.000919 0.5196
0.000877 0.5455
0.000837 0.5701
0.000805 0.5933
0.000751 0.6153
0.000711 0.6361
0.000673 0.6558
0.000654 0.6744
0.000630 0.6920
0.000592 0.7086
0.000570 0.7244
0.000549 0.7393
0.000531 0.7534
0.000515 0.7667
0.000492 0.7793
0.000472 0.7912
0.000454 0.8025
0.000439 0.8132
0.000422 0.8233
0.000403 0.8328
0.000391 0.8419
0.000372 0.8504
0.000358 0.8585
0.000344 0.8662
0.000334 0.8734
0.000324 0.8802
0.000310 0.8867
0.000298 0.8928
0.000291 0.8986
0.000280 0.9041
0.000272 0.9093
0.000262 0.9142
0.000255 0.9188
0.000245 0.9232
0.000240 0.9274
0.000240 0.9313
0.000232 0.9350
layer4.1.conv3
0.000841 0.0000
0.000730 0.4000
0.000697 0.4324
0.000664 0.4631
0.000641 0.4921
0.000624 0.5196
0.000594 0.5455
0.000566 0.5701
0.000545 0.5933
0.000527 0.6153
0.000502 0.6361
0.000495 0.6558
0.000466 0.6744
0.000455 0.6920
0.000425 0.7086
0.000416 0.7244
0.000400 0.7393
0.000391 0.7534
0.000380 0.7667
0.000367 0.7793
0.000358 0.7912
0.000363 0.8025
0.000343 0.8132
0.000327 0.8233
0.000317 0.8328
0.000317 0.8419
0.000307 0.8504
0.000296 0.8585
0.000295 0.8662
0.000283 0.8734
0.000271 0.8802
0.000275 0.8867
0.000267 0.8928
0.000256 0.8986
0.000253 0.9041
0.000250 0.9093
0.000240 0.9142
0.000240 0.9188
0.000234 0.9232
0.000233 0.9274
0.000230 0.9313
0.000226 0.9350
layer4.2.conv1
0.000910 0.0000
0.000785 0.4000
0.000760 0.4324
0.000703 0.4631
0.000684 0.4921
0.000634 0.5196
0.000643 0.5455
0.000571 0.5701
0.000552 0.5933
0.000518 0.6153
0.000495 0.6361
0.000468 0.6558
0.000458 0.6744
0.000416 0.6920
0.000396 0.7086
0.000369 0.7244
0.000360 0.7393
0.000337 0.7534
0.000323 0.7667
0.000309 0.7793
0.000296 0.7912
0.000299 0.8025
0.000270 0.8132
0.000255 0.8233
0.000247 0.8328
0.000244 0.8419
0.000224 0.8504
0.000215 0.8585
0.000217 0.8662
0.000206 0.8734
0.000195 0.8802
0.000194 0.8867
0.000184 0.8928
0.000179 0.8986
0.000173 0.9041
0.000173 0.9093
0.000168 0.9142
0.000164 0.9188
0.000158 0.9232
0.000152 0.9274
0.000149 0.9313
0.000149 0.9350
layer4.2.conv2
0.002144 0.0000
0.001115 0.4000
0.001061 0.4324
0.001020 0.4631
0.000976 0.4921
0.000911 0.5196
0.000879 0.5455
0.000839 0.5701
0.000804 0.5933
0.000751 0.6153
0.000708 0.6361
0.000681 0.6558
0.000655 0.6744
0.000629 0.6920
0.000594 0.7086
0.000574 0.7244
0.000547 0.7393
0.000532 0.7534
0.000511 0.7667
0.000494 0.7793
0.000473 0.7912
0.000449 0.8025
0.000440 0.8132
0.000419 0.8233
0.000404 0.8328
0.000390 0.8419
0.000368 0.8504
0.000360 0.8585
0.000344 0.8662
0.000333 0.8734
0.000323 0.8802
0.000309 0.8867
0.000304 0.8928
0.000290 0.8986
0.000288 0.9041
0.000269 0.9093
0.000261 0.9142
0.000250 0.9188
0.000246 0.9232
0.000238 0.9274
0.000234 0.9313
0.000227 0.9350
layer4.2.conv3
0.000556 0.0000
0.000637 0.4000
0.000617 0.4324
0.000580 0.4631
0.000546 0.4921
0.000533 0.5196
0.000479 0.5455
0.000464 0.5701
0.000447 0.5933
0.000424 0.6153
0.000404 0.6361
0.000382 0.6558
0.000378 0.6744
0.000349 0.6920
0.000335 0.7086
0.000338 0.7244
0.000311 0.7393
0.000298 0.7534
0.000287 0.7667
0.000283 0.7793
0.000262 0.7912
0.000261 0.8025
0.000249 0.8132
0.000225 0.8233
0.000220 0.8328
0.000208 0.8419
0.000204 0.8504
0.000200 0.8585
0.000186 0.8662
0.000185 0.8734
0.000178 0.8802
0.000173 0.8867
0.000166 0.8928
0.000159 0.8986
0.000155 0.9041
0.000154 0.9093
0.000150 0.9142
0.000147 0.9188
0.000140 0.9232
0.000140 0.9274
0.000136 0.9313
0.000133 0.9350
layer1.0.conv1.weight
layer1.0.conv2.weight
layer1.0.conv3.weight
layer1.0.downsample.0.weight
layer1.1.conv1.weight
layer1.1.conv2.weight
layer1.1.conv3.weight
layer1.2.conv1.weight
layer1.2.conv2.weight
layer1.2.conv3.weight
layer2.0.conv1.weight
layer2.0.conv2.weight
layer2.0.conv3.weight
layer2.0.downsample.0.weight
layer2.1.conv1.weight
layer2.1.conv2.weight
layer2.1.conv3.weight
layer2.2.conv1.weight
layer2.2.conv2.weight
layer2.2.conv3.weight
layer2.3.conv1.weight
layer2.3.conv2.weight
layer2.3.conv3.weight
layer3.0.conv1.weight
layer3.0.conv2.weight
layer3.0.conv3.weight
layer3.0.downsample.0.weight
layer3.1.conv1.weight
layer3.1.conv2.weight
layer3.1.conv3.weight
layer3.2.conv1.weight
layer3.2.conv2.weight
layer3.2.conv3.weight
layer3.3.conv1.weight
layer3.3.conv2.weight
layer3.3.conv3.weight
layer3.4.conv1.weight
layer3.4.conv2.weight
layer3.4.conv3.weight
layer3.5.conv1.weight
layer3.5.conv2.weight
layer3.5.conv3.weight
layer4.0.conv1.weight
layer4.0.conv2.weight
layer4.0.conv3.weight
layer4.0.downsample.0.weight
layer4.1.conv1.weight
layer4.1.conv2.weight
layer4.1.conv3.weight
layer4.2.conv1.weight
layer4.2.conv2.weight
layer4.2.conv3.weight
