base
0.64041145
prunable
0.576722115
model.0.conv
0.028975 0.0000
0.028073 0.4000
0.028148 0.4584
0.028082 0.5111
0.028057 0.5586
0.027971 0.6016
0.028056 0.6403
0.028010 0.6753
0.028130 0.7069
0.028011 0.7354
0.028135 0.7612
0.028054 0.7844
0.028237 0.8054
0.028170 0.8243
0.028053 0.8414
0.028041 0.8568
0.027945 0.8708
0.028113 0.8833
0.028133 0.8947
0.028223 0.9049
0.028179 0.9142
0.027939 0.9225
0.028071 0.9301
0.028205 0.9369
0.028273 0.9430
0.028093 0.9486
0.028016 0.9536
0.028253 0.9581
0.028219 0.9622
0.028084 0.9658
0.028054 0.9692
0.028094 0.9722
0.028189 0.9749
0.028090 0.9773
0.028018 0.9795
0.028146 0.9815
0.028258 0.9833
0.027922 0.9849
0.028233 0.9864
0.028236 0.9877
0.027983 0.9889
0.028252 0.9900
model.1.conv
0.032144 0.0000
0.030679 0.4000
0.029422 0.4584
0.027632 0.5111
0.026457 0.5586
0.025543 0.6016
0.024954 0.6403
0.024447 0.6753
0.024018 0.7069
0.023569 0.7354
0.023373 0.7612
0.023064 0.7844
0.023263 0.8054
0.022921 0.8243
0.022856 0.8414
0.022689 0.8568
0.022734 0.8708
0.022823 0.8833
0.022608 0.8947
0.022798 0.9049
0.022982 0.9142
0.022813 0.9225
0.022758 0.9301
0.022732 0.9369
0.022643 0.9430
0.022860 0.9486
0.022696 0.9536
0.022552 0.9581
0.022648 0.9622
0.022430 0.9658
0.022230 0.9692
0.022092 0.9722
0.021973 0.9749
0.021596 0.9773
0.021415 0.9795
0.021207 0.9815
0.020872 0.9833
0.020621 0.9849
0.020695 0.9864
0.020059 0.9877
0.019743 0.9889
0.019712 0.9900
model.2.cv2.conv
0.008552 0.0000
0.007209 0.4000
0.007077 0.4584
0.007128 0.5111
0.006980 0.5586
0.006980 0.6016
0.007067 0.6403
0.006983 0.6753
0.007000 0.7069
0.006906 0.7354
0.006983 0.7612
0.006906 0.7844
0.007007 0.8054
0.007082 0.8243
0.006886 0.8414
0.006853 0.8568
0.006897 0.8708
0.006891 0.8833
0.006877 0.8947
0.006892 0.9049
0.006956 0.9142
0.015626 0.9225
0.015535 0.9301
0.015539 0.9369
0.017057 0.9430
0.016588 0.9486
0.017490 0.9536
0.018206 0.9581
0.016001 0.9622
0.016023 0.9658
0.018393 0.9692
0.016155 0.9722
0.015931 0.9749
0.016428 0.9773
0.015704 0.9795
0.015416 0.9815
0.015139 0.9833
0.014875 0.9849
0.015232 0.9864
0.014427 0.9877
0.014509 0.9889
0.014669 0.9900
model.2.cv1.conv
0.007968 0.0000
0.008068 0.4000
0.007808 0.4584
0.008038 0.5111
0.007746 0.5586
0.007765 0.6016
0.007774 0.6403
0.007726 0.6753
0.007897 0.7069
0.007686 0.7354
0.007698 0.7612
0.007673 0.7844
0.007824 0.8054
0.007686 0.8243
0.007708 0.8414
0.007724 0.8568
0.007819 0.8708
0.009343 0.8833
0.009521 0.8947
0.009495 0.9049
0.009368 0.9142
0.012831 0.9225
0.012878 0.9301
0.012826 0.9369
0.013608 0.9430
0.013360 0.9486
0.013802 0.9536
0.014172 0.9581
0.013044 0.9622
0.013013 0.9658
0.014279 0.9692
0.012983 0.9722
0.012845 0.9749
0.013047 0.9773
0.012621 0.9795
0.012457 0.9815
0.012311 0.9833
0.012109 0.9849
0.012244 0.9864
0.011815 0.9877
0.011792 0.9889
0.011800 0.9900
model.2.m.0.cv1.conv
0.005037 0.0000
0.005196 0.4000
0.005240 0.4584
0.005175 0.5111
0.005187 0.5586
0.005085 0.6016
0.005110 0.6403
0.005123 0.6753
0.005483 0.7069
0.005076 0.7354
0.005056 0.7612
0.005049 0.7844
0.005050 0.8054
0.005018 0.8243
0.004975 0.8414
0.004965 0.8568
0.004945 0.8708
0.009965 0.8833
0.010014 0.8947
0.010159 0.9049
0.010068 0.9142
0.010035 0.9225
0.010220 0.9301
0.010112 0.9369
0.010159 0.9430
0.010132 0.9486
0.010113 0.9536
0.010138 0.9581
0.010087 0.9622
0.010002 0.9658
0.010166 0.9692
0.009812 0.9722
0.009758 0.9749
0.009666 0.9773
0.009539 0.9795
0.009499 0.9815
0.009483 0.9833
0.009343 0.9849
0.009256 0.9864
0.009204 0.9877
0.009074 0.9889
0.008931 0.9900
model.2.m.0.cv2.conv
0.008517 0.0000
0.012151 0.4000
0.011531 0.4584
0.011005 0.5111
0.010573 0.5586
0.010019 0.6016
0.009695 0.6403
0.009385 0.6753
0.009229 0.7069
0.008953 0.7354
0.008768 0.7612
0.008675 0.7844
0.008622 0.8054
0.008436 0.8243
0.008292 0.8414
0.008260 0.8568
0.008212 0.8708
0.008352 0.8833
0.008299 0.8947
0.008296 0.9049
0.008340 0.9142
0.008273 0.9225
0.008478 0.9301
0.008360 0.9369
0.008275 0.9430
0.008151 0.9486
0.008084 0.9536
0.008113 0.9581
0.008084 0.9622
0.008090 0.9658
0.008059 0.9692
0.008045 0.9722
0.008140 0.9749
0.008242 0.9773
0.008288 0.9795
0.008085 0.9815
0.008047 0.9833
0.007970 0.9849
0.007855 0.9864
0.007689 0.9877
0.007573 0.9889
0.007634 0.9900
model.2.cv3.conv
0.012966 0.0000
0.009913 0.4000
0.009826 0.4584
0.009613 0.5111
0.010044 0.5586
0.009472 0.6016
0.009527 0.6403
0.009427 0.6753
0.009856 0.7069
0.009347 0.7354
0.009313 0.7612
0.009354 0.7844
0.009288 0.8054
0.009241 0.8243
0.009247 0.8414
0.009176 0.8568
0.009170 0.8708
0.009126 0.8833
0.009123 0.8947
0.009169 0.9049
0.009150 0.9142
0.009333 0.9225
0.009455 0.9301
0.009630 0.9369
0.017057 0.9430
0.016588 0.9486
0.017490 0.9536
0.018206 0.9581
0.016001 0.9622
0.016023 0.9658
0.018393 0.9692
0.016155 0.9722
0.015931 0.9749
0.016428 0.9773
0.015704 0.9795
0.015416 0.9815
0.015139 0.9833
0.014875 0.9849
0.015232 0.9864
0.014427 0.9877
0.014509 0.9889
0.014669 0.9900
model.3.conv
0.031240 0.0000
0.022692 0.4000
0.021424 0.4584
0.019982 0.5111
0.018555 0.5586
0.017532 0.6016
0.016905 0.6403
0.015827 0.6753
0.015373 0.7069
0.014601 0.7354
0.014088 0.7612
0.013588 0.7844
0.013269 0.8054
0.012896 0.8243
0.012654 0.8414
0.012321 0.8568
0.012166 0.8708
0.012218 0.8833
0.012178 0.8947
0.012183 0.9049
0.012030 0.9142
0.011967 0.9225
0.012023 0.9301
0.011948 0.9369
0.012119 0.9430
0.012053 0.9486
0.012010 0.9536
0.011998 0.9581
0.011981 0.9622
0.011932 0.9658
0.011880 0.9692
0.011920 0.9722
0.011892 0.9749
0.011914 0.9773
0.011879 0.9795
0.011787 0.9815
0.011806 0.9833
0.011674 0.9849
0.011564 0.9864
0.011526 0.9877
0.011490 0.9889
0.011433 0.9900
model.4.cv1.conv
0.004493 0.0000
0.003623 0.4000
0.003541 0.4584
0.003507 0.5111
0.003462 0.5586
0.003403 0.6016
0.003416 0.6403
0.003371 0.6753
0.003364 0.7069
0.003339 0.7354
0.003321 0.7612
0.003328 0.7844
0.003326 0.8054
0.003312 0.8243
0.003322 0.8414
0.003310 0.8568
0.003313 0.8708
0.003309 0.8833
0.003325 0.8947
0.003327 0.9049
0.003331 0.9142
0.003399 0.9225
0.003400 0.9301
0.003407 0.9369
0.004485 0.9430
0.004473 0.9486
0.004445 0.9536
0.004463 0.9581
0.005988 0.9622
0.005925 0.9658
0.006337 0.9692
0.007013 0.9722
0.007002 0.9749
0.006925 0.9773
0.006901 0.9795
0.006835 0.9815
0.006919 0.9833
0.006840 0.9849
0.006722 0.9864
0.006731 0.9877
0.006657 0.9889
0.006653 0.9900
model.4.m.0.cv1.conv
0.003301 0.0000
0.002487 0.4000
0.002449 0.4584
0.002449 0.5111
0.002414 0.5586
0.002377 0.6016
0.002369 0.6403
0.002349 0.6753
0.002350 0.7069
0.002317 0.7354
0.002316 0.7612
0.002333 0.7844
0.002314 0.8054
0.002285 0.8243
0.002290 0.8414
0.002356 0.8568
0.002271 0.8708
0.002309 0.8833
0.002320 0.8947
0.002304 0.9049
0.002327 0.9142
0.002327 0.9225
0.002333 0.9301
0.002349 0.9369
0.005040 0.9430
0.004977 0.9486
0.004920 0.9536
0.004978 0.9581
0.005101 0.9622
0.004991 0.9658
0.005004 0.9692
0.004972 0.9722
0.004990 0.9749
0.004910 0.9773
0.004834 0.9795
0.004818 0.9815
0.004779 0.9833
0.004721 0.9849
0.004605 0.9864
0.004614 0.9877
0.004431 0.9889
0.004452 0.9900
model.4.m.0.cv2.conv
0.005556 0.0000
0.009576 0.4000
0.008951 0.4584
0.008263 0.5111
0.007668 0.5586
0.007312 0.6016
0.006911 0.6403
0.006553 0.6753
0.006336 0.7069
0.005942 0.7354
0.005772 0.7612
0.005495 0.7844
0.005369 0.8054
0.005190 0.8243
0.005049 0.8414
0.004932 0.8568
0.004802 0.8708
0.004707 0.8833
0.004669 0.8947
0.004609 0.9049
0.004540 0.9142
0.004476 0.9225
0.004492 0.9301
0.004433 0.9369
0.004419 0.9430
0.004372 0.9486
0.004325 0.9536
0.004296 0.9581
0.004293 0.9622
0.004249 0.9658
0.004250 0.9692
0.004259 0.9722
0.004255 0.9749
0.004223 0.9773
0.004163 0.9795
0.004204 0.9815
0.004212 0.9833
0.004173 0.9849
0.004156 0.9864
0.004169 0.9877
0.004144 0.9889
0.004156 0.9900
model.4.m.1.cv1.conv
0.003257 0.0000
0.002601 0.4000
0.002496 0.4584
0.002451 0.5111
0.002518 0.5586
0.002426 0.6016
0.002396 0.6403
0.002370 0.6753
0.002385 0.7069
0.002479 0.7354
0.002368 0.7612
0.002358 0.7844
0.002399 0.8054
0.002390 0.8243
0.002410 0.8414
0.002427 0.8568
0.002354 0.8708
0.002388 0.8833
0.002379 0.8947
0.002385 0.9049
0.002453 0.9142
0.002377 0.9225
0.002392 0.9301
0.002409 0.9369
0.004903 0.9430
0.004915 0.9486
0.004887 0.9536
0.004896 0.9581
0.004919 0.9622
0.004874 0.9658
0.004937 0.9692
0.004881 0.9722
0.004896 0.9749
0.004897 0.9773
0.004878 0.9795
0.004862 0.9815
0.004844 0.9833
0.004805 0.9849
0.004811 0.9864
0.004818 0.9877
0.004816 0.9889
0.004825 0.9900
model.4.m.1.cv2.conv
0.005478 0.0000
0.009484 0.4000
0.008896 0.4584
0.008341 0.5111
0.007767 0.5586
0.007244 0.6016
0.006854 0.6403
0.006513 0.6753
0.006259 0.7069
0.005846 0.7354
0.005669 0.7612
0.005505 0.7844
0.005333 0.8054
0.005158 0.8243
0.005004 0.8414
0.004851 0.8568
0.004724 0.8708
0.004687 0.8833
0.004590 0.8947
0.004540 0.9049
0.004527 0.9142
0.004435 0.9225
0.004404 0.9301
0.004372 0.9369
0.004338 0.9430
0.004304 0.9486
0.004284 0.9536
0.004342 0.9581
0.004314 0.9622
0.004305 0.9658
0.004302 0.9692
0.004226 0.9722
0.004233 0.9749
0.004219 0.9773
0.004222 0.9795
0.004209 0.9815
0.004210 0.9833
0.004177 0.9849
0.004180 0.9864
0.004153 0.9877
0.004112 0.9889
0.004128 0.9900
model.4.cv2.conv
0.007314 0.0000
0.004064 0.4000
0.003975 0.4584
0.003816 0.5111
0.003760 0.5586
0.003663 0.6016
0.003598 0.6403
0.003588 0.6753
0.003510 0.7069
0.003462 0.7354
0.003451 0.7612
0.003440 0.7844
0.003422 0.8054
0.003411 0.8243
0.003404 0.8414
0.003447 0.8568
0.003375 0.8708
0.003368 0.8833
0.003369 0.8947
0.003367 0.9049
0.003368 0.9142
0.003400 0.9225
0.003440 0.9301
0.003423 0.9369
0.003470 0.9430
0.003483 0.9486
0.003479 0.9536
0.003493 0.9581
0.007943 0.9622
0.007911 0.9658
0.009071 0.9692
0.011187 0.9722
0.011120 0.9749
0.010968 0.9773
0.010990 0.9795
0.010824 0.9815
0.011132 0.9833
0.010994 0.9849
0.010749 0.9864
0.010761 0.9877
0.010723 0.9889
0.010681 0.9900
model.4.cv3.conv
0.013732 0.0000
0.011365 0.4000
0.010734 0.4584
0.010525 0.5111
0.009979 0.5586
0.009881 0.6016
0.009566 0.6403
0.009501 0.6753
0.009419 0.7069
0.009200 0.7354
0.008946 0.7612
0.008900 0.7844
0.008833 0.8054
0.008745 0.8243
0.008623 0.8414
0.008478 0.8568
0.008653 0.8708
0.008586 0.8833
0.008607 0.8947
0.008454 0.9049
0.008422 0.9142
0.008853 0.9225
0.008502 0.9301
0.008499 0.9369
0.008451 0.9430
0.008467 0.9486
0.008468 0.9536
0.008518 0.9581
0.008522 0.9622
0.008427 0.9658
0.008603 0.9692
0.011187 0.9722
0.011120 0.9749
0.010968 0.9773
0.010990 0.9795
0.010824 0.9815
0.011132 0.9833
0.010994 0.9849
0.010749 0.9864
0.010761 0.9877
0.010723 0.9889
0.010681 0.9900
model.5.conv
0.032319 0.0000
0.021392 0.4000
0.019951 0.4584
0.018520 0.5111
0.017107 0.5586
0.015759 0.6016
0.014569 0.6403
0.013271 0.6753
0.012457 0.7069
0.011547 0.7354
0.010818 0.7612
0.010147 0.7844
0.009728 0.8054
0.009184 0.8243
0.008685 0.8414
0.008308 0.8568
0.007959 0.8708
0.007781 0.8833
0.007541 0.8947
0.007335 0.9049
0.007166 0.9142
0.006976 0.9225
0.006865 0.9301
0.006774 0.9369
0.006689 0.9430
0.006648 0.9486
0.006569 0.9536
0.006570 0.9581
0.006575 0.9622
0.006560 0.9658
0.006537 0.9692
0.006502 0.9722
0.006515 0.9749
0.006490 0.9773
0.006475 0.9795
0.006470 0.9815
0.006424 0.9833
0.006407 0.9849
0.006391 0.9864
0.006364 0.9877
0.006318 0.9889
0.006269 0.9900
model.6.cv2.conv
0.004564 0.0000
0.003304 0.4000
0.003124 0.4584
0.002915 0.5111
0.002785 0.5586
0.002560 0.6016
0.002444 0.6403
0.002332 0.6753
0.002243 0.7069
0.002178 0.7354
0.002085 0.7612
0.002040 0.7844
0.001972 0.8054
0.001915 0.8243
0.001895 0.8414
0.001825 0.8568
0.001789 0.8708
0.001791 0.8833
0.001779 0.8947
0.001763 0.9049
0.001754 0.9142
0.001751 0.9225
0.001785 0.9301
0.001759 0.9369
0.001759 0.9430
0.001777 0.9486
0.001790 0.9536
0.001778 0.9581
0.001792 0.9622
0.001804 0.9658
0.001802 0.9692
0.001807 0.9722
0.001801 0.9749
0.001787 0.9773
0.001773 0.9795
0.003730 0.9815
0.003715 0.9833
0.003645 0.9849
0.005951 0.9864
0.005851 0.9877
0.005731 0.9889
0.005711 0.9900
model.6.cv1.conv
0.002425 0.0000
0.002052 0.4000
0.001982 0.4584
0.001937 0.5111
0.001872 0.5586
0.001831 0.6016
0.001793 0.6403
0.001759 0.6753
0.001731 0.7069
0.001710 0.7354
0.001687 0.7612
0.001663 0.7844
0.001643 0.8054
0.001628 0.8243
0.001619 0.8414
0.001620 0.8568
0.001589 0.8708
0.001587 0.8833
0.001580 0.8947
0.001574 0.9049
0.001567 0.9142
0.001575 0.9225
0.001600 0.9301
0.001570 0.9369
0.001564 0.9430
0.001575 0.9486
0.001581 0.9536
0.001586 0.9581
0.001581 0.9622
0.001583 0.9658
0.001595 0.9692
0.002492 0.9722
0.002505 0.9749
0.002489 0.9773
0.002483 0.9795
0.002477 0.9815
0.002486 0.9833
0.002476 0.9849
0.002457 0.9864
0.002466 0.9877
0.002420 0.9889
0.002442 0.9900
model.6.m.0.cv1.conv
0.002312 0.0000
0.001901 0.4000
0.001783 0.4584
0.001675 0.5111
0.001575 0.5586
0.001507 0.6016
0.001463 0.6403
0.001422 0.6753
0.001419 0.7069
0.001356 0.7354
0.001337 0.7612
0.001288 0.7844
0.001281 0.8054
0.001287 0.8243
0.001238 0.8414
0.001240 0.8568
0.001211 0.8708
0.001229 0.8833
0.001194 0.8947
0.001202 0.9049
0.001195 0.9142
0.001192 0.9225
0.001211 0.9301
0.001202 0.9369
0.001201 0.9430
0.001204 0.9486
0.001215 0.9536
0.001241 0.9581
0.001254 0.9622
0.001266 0.9658
0.001272 0.9692
0.002681 0.9722
0.002687 0.9749
0.002661 0.9773
0.002662 0.9795
0.002643 0.9815
0.002671 0.9833
0.002626 0.9849
0.002568 0.9864
0.002591 0.9877
0.002517 0.9889
0.002513 0.9900
model.6.m.0.cv2.conv
0.004896 0.0000
0.009570 0.4000
0.008874 0.4584
0.008184 0.5111
0.007611 0.5586
0.006939 0.6016
0.006362 0.6403
0.005808 0.6753
0.005599 0.7069
0.004997 0.7354
0.004756 0.7612
0.004407 0.7844
0.004200 0.8054
0.003959 0.8243
0.003706 0.8414
0.003542 0.8568
0.003326 0.8708
0.003222 0.8833
0.003097 0.8947
0.003007 0.9049
0.002918 0.9142
0.002823 0.9225
0.002791 0.9301
0.002704 0.9369
0.002650 0.9430
0.002590 0.9486
0.002534 0.9536
0.002524 0.9581
0.002480 0.9622
0.002457 0.9658
0.002431 0.9692
0.002445 0.9722
0.002427 0.9749
0.002379 0.9773
0.002366 0.9795
0.002347 0.9815
0.002331 0.9833
0.002286 0.9849
0.002281 0.9864
0.002255 0.9877
0.002241 0.9889
0.002227 0.9900
model.6.m.1.cv1.conv
0.002323 0.0000
0.001889 0.4000
0.001744 0.4584
0.001624 0.5111
0.001542 0.5586
0.001478 0.6016
0.001431 0.6403
0.001401 0.6753
0.001408 0.7069
0.001339 0.7354
0.001316 0.7612
0.001277 0.7844
0.001265 0.8054
0.001247 0.8243
0.001230 0.8414
0.001221 0.8568
0.001218 0.8708
0.001224 0.8833
0.001218 0.8947
0.001206 0.9049
0.001201 0.9142
0.001194 0.9225
0.001203 0.9301
0.001231 0.9369
0.001217 0.9430
0.001212 0.9486
0.001229 0.9536
0.001244 0.9581
0.001234 0.9622
0.001238 0.9658
0.001252 0.9692
0.002386 0.9722
0.002400 0.9749
0.002391 0.9773
0.002388 0.9795
0.002394 0.9815
0.002385 0.9833
0.002379 0.9849
0.002388 0.9864
0.002388 0.9877
0.002361 0.9889
0.002394 0.9900
model.6.m.1.cv2.conv
0.004917 0.0000
0.009524 0.4000
0.008880 0.4584
0.008187 0.5111
0.007581 0.5586
0.006858 0.6016
0.006281 0.6403
0.005836 0.6753
0.005483 0.7069
0.004946 0.7354
0.004686 0.7612
0.004362 0.7844
0.004124 0.8054
0.003911 0.8243
0.003682 0.8414
0.003524 0.8568
0.003348 0.8708
0.003218 0.8833
0.003135 0.8947
0.003039 0.9049
0.002972 0.9142
0.002839 0.9225
0.002801 0.9301
0.002728 0.9369
0.002693 0.9430
0.002647 0.9486
0.002593 0.9536
0.002566 0.9581
0.002534 0.9622
0.002505 0.9658
0.002469 0.9692
0.002446 0.9722
0.002436 0.9749
0.002405 0.9773
0.002375 0.9795
0.002354 0.9815
0.002341 0.9833
0.002295 0.9849
0.002294 0.9864
0.002258 0.9877
0.002259 0.9889
0.002240 0.9900
model.6.m.2.cv1.conv
0.002327 0.0000
0.001843 0.4000
0.001748 0.4584
0.001619 0.5111
0.001527 0.5586
0.001461 0.6016
0.001438 0.6403
0.001430 0.6753
0.001375 0.7069
0.001324 0.7354
0.001299 0.7612
0.001282 0.7844
0.001269 0.8054
0.001254 0.8243
0.001209 0.8414
0.001233 0.8568
0.001190 0.8708
0.001220 0.8833
0.001199 0.8947
0.001189 0.9049
0.001202 0.9142
0.001182 0.9225
0.001210 0.9301
0.001192 0.9369
0.001233 0.9430
0.001248 0.9486
0.001244 0.9536
0.001252 0.9581
0.001212 0.9622
0.001216 0.9658
0.001238 0.9692
0.002408 0.9722
0.002427 0.9749
0.002416 0.9773
0.002398 0.9795
0.002394 0.9815
0.002402 0.9833
0.002424 0.9849
0.002414 0.9864
0.002418 0.9877
0.002383 0.9889
0.002420 0.9900
model.6.m.2.cv2.conv
0.004955 0.0000
0.009477 0.4000
0.008830 0.4584
0.008150 0.5111
0.007549 0.5586
0.006886 0.6016
0.006296 0.6403
0.005737 0.6753
0.005450 0.7069
0.004935 0.7354
0.004660 0.7612
0.004296 0.7844
0.004096 0.8054
0.003882 0.8243
0.003639 0.8414
0.003486 0.8568
0.003255 0.8708
0.003166 0.8833
0.003038 0.8947
0.002964 0.9049
0.002875 0.9142
0.002760 0.9225
0.002722 0.9301
0.002686 0.9369
0.002677 0.9430
0.002613 0.9486
0.002574 0.9536
0.002571 0.9581
0.002542 0.9622
0.002493 0.9658
0.002479 0.9692
0.002444 0.9722
0.002419 0.9749
0.002386 0.9773
0.002364 0.9795
0.002377 0.9815
0.002350 0.9833
0.002324 0.9849
0.002304 0.9864
0.002266 0.9877
0.002256 0.9889
0.002241 0.9900
model.6.cv3.conv
0.009186 0.0000
0.008165 0.4000
0.007812 0.4584
0.007487 0.5111
0.007086 0.5586
0.006771 0.6016
0.006503 0.6403
0.006270 0.6753
0.006041 0.7069
0.005837 0.7354
0.005639 0.7612
0.005506 0.7844
0.005361 0.8054
0.005261 0.8243
0.005102 0.8414
0.004993 0.8568
0.004917 0.8708
0.004882 0.8833
0.004812 0.8947
0.004726 0.9049
0.004643 0.9142
0.004633 0.9225
0.004656 0.9301
0.004574 0.9369
0.004574 0.9430
0.004516 0.9486
0.004509 0.9536
0.004528 0.9581
0.004515 0.9622
0.004461 0.9658
0.004445 0.9692
0.004438 0.9722
0.004427 0.9749
0.004393 0.9773
0.004404 0.9795
0.004375 0.9815
0.004368 0.9833
0.004364 0.9849
0.005951 0.9864
0.005851 0.9877
0.005731 0.9889
0.005711 0.9900
model.7.conv
0.038445 0.0000
0.025469 0.4000
0.023357 0.4584
0.021750 0.5111
0.019731 0.5586
0.017473 0.6016
0.015929 0.6403
0.014274 0.6753
0.013085 0.7069
0.011940 0.7354
0.011099 0.7612
0.010349 0.7844
0.009964 0.8054
0.009211 0.8243
0.008592 0.8414
0.007924 0.8568
0.007437 0.8708
0.006998 0.8833
0.006650 0.8947
0.006264 0.9049
0.005918 0.9142
0.005595 0.9225
0.005398 0.9301
0.005192 0.9369
0.005153 0.9430
0.004958 0.9486
0.004771 0.9536
0.004692 0.9581
0.004427 0.9622
0.004308 0.9658
0.004198 0.9692
0.004205 0.9722
0.004136 0.9749
0.004030 0.9773
0.003978 0.9795
0.003914 0.9815
0.003887 0.9833
0.003792 0.9849
0.003806 0.9864
0.003750 0.9877
0.003684 0.9889
0.003665 0.9900
model.8.cv2.conv
0.004267 0.0000
0.002979 0.4000
0.002671 0.4584
0.002453 0.5111
0.002183 0.5586
0.002068 0.6016
0.001951 0.6403
0.001805 0.6753
0.001725 0.7069
0.001604 0.7354
0.001530 0.7612
0.001453 0.7844
0.001405 0.8054
0.001344 0.8243
0.001306 0.8414
0.001278 0.8568
0.001244 0.8708
0.001197 0.8833
0.001186 0.8947
0.001173 0.9049
0.001162 0.9142
0.001170 0.9225
0.001196 0.9301
0.001162 0.9369
0.001066 0.9430
0.001068 0.9486
0.001064 0.9536
0.001071 0.9581
0.001059 0.9622
0.001058 0.9658
0.001052 0.9692
0.001052 0.9722
0.001052 0.9749
0.001049 0.9773
0.001047 0.9795
0.001152 0.9815
0.001161 0.9833
0.001149 0.9849
0.001112 0.9864
0.001111 0.9877
0.001091 0.9889
0.001097 0.9900
model.8.cv1.conv
0.003984 0.0000
0.000910 0.4000
0.001887 0.4584
0.001742 0.5111
0.001618 0.5586
0.001510 0.6016
0.001474 0.6403
0.001411 0.6753
0.001340 0.7069
0.001290 0.7354
0.001219 0.7612
0.001185 0.7844
0.001143 0.8054
0.001114 0.8243
0.001086 0.8414
0.001066 0.8568
0.001052 0.8708
0.001031 0.8833
0.001015 0.8947
0.001009 0.9049
0.001007 0.9142
0.001002 0.9225
0.000960 0.9301
0.000964 0.9369
0.000959 0.9430
0.000962 0.9486
0.000964 0.9536
0.000959 0.9581
0.000963 0.9622
0.000959 0.9658
0.000963 0.9692
0.000963 0.9722
0.000971 0.9749
0.000966 0.9773
0.000967 0.9795
0.000964 0.9815
0.000957 0.9833
0.000958 0.9849
0.000956 0.9864
0.001289 0.9877
0.001291 0.9889
0.001268 0.9900
model.8.m.0.cv1.conv
0.001889 0.0000
0.001515 0.0000
0.001420 0.4000
0.001302 0.4584
0.001198 0.5111
0.001157 0.5586
0.001104 0.6016
0.001050 0.6403
0.001018 0.6753
0.000969 0.7069
0.000948 0.7354
0.000923 0.7612
0.000894 0.7844
0.000878 0.8054
0.000860 0.8243
0.000848 0.8414
0.000843 0.8568
0.000829 0.8708
0.000827 0.8833
0.000813 0.8947
0.000815 0.9049
0.000700 0.9142
0.000700 0.9225
0.000697 0.9301
0.000750 0.9369
0.000759 0.9430
0.000750 0.9486
0.000749 0.9536
0.000747 0.9581
0.000745 0.9622
0.000752 0.9658
0.000753 0.9692
0.000756 0.9722
0.000755 0.9749
0.000749 0.9773
0.000694 0.9795
0.000683 0.9815
0.000685 0.9833
0.001696 0.9849
0.001690 0.9864
0.001662 0.9877
0.001681 0.9889
0.001681 0.9900
model.8.m.0.cv2.conv
0.006658 0.0000
0.009781 0.4000
0.009027 0.4584
0.008299 0.5111
0.007621 0.5586
0.007114 0.6016
0.006517 0.6403
0.005920 0.6753
0.005497 0.7069
0.005012 0.7354
0.004725 0.7612
0.004402 0.7844
0.004340 0.8054
0.004050 0.8243
0.003736 0.8414
0.003502 0.8568
0.003222 0.8708
0.003076 0.8833
0.002901 0.8947
0.002745 0.9049
0.002568 0.9142
0.002385 0.9225
0.002291 0.9301
0.002222 0.9369
0.002172 0.9430
0.002084 0.9486
0.001987 0.9536
0.001927 0.9581
0.001850 0.9622
0.001754 0.9658
0.001736 0.9692
0.001700 0.9722
0.001657 0.9749
0.001611 0.9773
0.001561 0.9795
0.001519 0.9815
0.001491 0.9833
0.001424 0.9849
0.001420 0.9864
0.001412 0.9877
0.001381 0.9889
0.001360 0.9900
model.8.cv3.conv
0.007819 0.0000
0.006208 0.4000
0.005708 0.4584
0.005230 0.5111
0.004719 0.5586
0.004464 0.6016
0.004071 0.6403
0.003763 0.6753
0.003436 0.7069
0.003136 0.7354
0.002888 0.7612
0.002655 0.7844
0.002495 0.8054
0.002346 0.8243
0.002218 0.8414
0.002113 0.8568
0.002017 0.8708
0.001919 0.8833
0.001850 0.8947
0.001796 0.9049
0.001744 0.9142
0.001717 0.9225
0.001706 0.9301
0.001683 0.9369
0.001642 0.9430
0.001605 0.9486
0.001606 0.9536
0.001607 0.9581
0.001585 0.9622
0.001567 0.9658
0.001559 0.9692
0.001564 0.9722
0.001557 0.9749
0.001561 0.9773
0.001555 0.9795
0.001618 0.9815
0.001612 0.9833
0.001604 0.9849
0.001747 0.9864
0.001728 0.9877
0.001723 0.9889
0.001721 0.9900
model.9.cv1.conv
0.004221 0.0000
0.003548 0.4000
0.003292 0.4584
0.003080 0.5111
0.002843 0.5586
0.002701 0.6016
0.002544 0.6403
0.002400 0.6753
0.002296 0.7069
0.002168 0.7354
0.002059 0.7612
0.001984 0.7844
0.001916 0.8054
0.001835 0.8243
0.001752 0.8414
0.001713 0.8568
0.001673 0.8708
0.001582 0.8833
0.001560 0.8947
0.001518 0.9049
0.001499 0.9142
0.001485 0.9225
0.001465 0.9301
0.001454 0.9369
0.001466 0.9430
0.001461 0.9486
0.001455 0.9536
0.001443 0.9581
0.001438 0.9622
0.001434 0.9658
0.001438 0.9692
0.001439 0.9722
0.001432 0.9749
0.001429 0.9773
0.001428 0.9795
0.001441 0.9815
0.001447 0.9833
0.001442 0.9849
0.001512 0.9864
0.001503 0.9877
0.001487 0.9889
0.001499 0.9900
model.9.cv2.conv
0.023263 0.0000
0.012273 0.4000
0.011222 0.4584
0.010201 0.5111
0.009257 0.5586
0.008678 0.6016
0.007953 0.6403
0.007267 0.6753
0.006750 0.7069
0.006237 0.7354
0.005780 0.7612
0.005346 0.7844
0.004978 0.8054
0.004561 0.8243
0.004194 0.8414
0.003897 0.8568
0.003646 0.8708
0.003434 0.8833
0.003213 0.8947
0.003081 0.9049
0.002930 0.9142
0.002786 0.9225
0.002717 0.9301
0.002639 0.9369
0.002596 0.9430
0.002540 0.9486
0.002486 0.9536
0.002456 0.9581
0.002385 0.9622
0.002334 0.9658
0.002319 0.9692
0.002365 0.9722
0.002355 0.9749
0.002347 0.9773
0.002338 0.9795
0.002322 0.9815
0.002330 0.9833
0.002300 0.9849
0.002372 0.9864
0.002366 0.9877
0.002336 0.9889
0.002363 0.9900
model.10.conv
0.004256 0.0000
0.003577 0.4000
0.003351 0.4584
0.003147 0.5111
0.002944 0.5586
0.002801 0.6016
0.002668 0.6403
0.002502 0.6753
0.002373 0.7069
0.002255 0.7354
0.002150 0.7612
0.002056 0.7844
0.001941 0.8054
0.001861 0.8243
0.001794 0.8414
0.001746 0.8568
0.001713 0.8708
0.001643 0.8833
0.001622 0.8947
0.001573 0.9049
0.001543 0.9142
0.001540 0.9225
0.001507 0.9301
0.001502 0.9369
0.001521 0.9430
0.001515 0.9486
0.001508 0.9536
0.001507 0.9581
0.001475 0.9622
0.001468 0.9658
0.001476 0.9692
0.001486 0.9722
0.001478 0.9749
0.001470 0.9773
0.001459 0.9795
0.001435 0.9815
0.001447 0.9833
0.001432 0.9849
0.001460 0.9864
0.001459 0.9877
0.001449 0.9889
0.001445 0.9900
model.13.cv2.conv
0.009061 0.0000
0.005878 0.4000
0.005448 0.4584
0.005099 0.5111
0.004779 0.5586
0.004565 0.6016
0.004336 0.6403
0.004156 0.6753
0.004040 0.7069
0.003874 0.7354
0.003786 0.7612
0.003677 0.7844
0.003620 0.8054
0.003574 0.8243
0.003553 0.8414
0.003507 0.8568
0.003456 0.8708
0.003378 0.8833
0.003372 0.8947
0.003374 0.9049
0.003371 0.9142
0.003425 0.9225
0.003433 0.9301
0.003434 0.9369
0.003425 0.9430
0.003429 0.9486
0.003474 0.9536
0.003451 0.9581
0.003465 0.9622
0.003446 0.9658
0.003473 0.9692
0.003475 0.9722
0.003455 0.9749
0.003427 0.9773
0.003401 0.9795
0.003384 0.9815
0.003368 0.9833
0.003322 0.9849
0.005395 0.9864
0.005324 0.9877
0.005304 0.9889
0.005246 0.9900
model.13.cv1.conv
0.009018 0.0000
0.005785 0.4000
0.005392 0.4584
0.005026 0.5111
0.004641 0.5586
0.004464 0.6016
0.004303 0.6403
0.004079 0.6753
0.003892 0.7069
0.003749 0.7354
0.003647 0.7612
0.003536 0.7844
0.003458 0.8054
0.003387 0.8243
0.003349 0.8414
0.003313 0.8568
0.003282 0.8708
0.003276 0.8833
0.003275 0.8947
0.003254 0.9049
0.003248 0.9142
0.003199 0.9225
0.003215 0.9301
0.003196 0.9369
0.003220 0.9430
0.003228 0.9486
0.003270 0.9536
0.003268 0.9581
0.003293 0.9622
0.003304 0.9658
0.003314 0.9692
0.003699 0.9722
0.003676 0.9749
0.003644 0.9773
0.003606 0.9795
0.003586 0.9815
0.003527 0.9833
0.003460 0.9849
0.003405 0.9864
0.003358 0.9877
0.003222 0.9889
0.003160 0.9900
model.13.m.0.cv1.conv
0.002568 0.0000
0.001821 0.4000
0.001774 0.4584
0.001641 0.5111
0.001554 0.5586
0.001491 0.6016
0.001495 0.6403
0.001399 0.6753
0.001389 0.7069
0.001383 0.7354
0.001328 0.7612
0.001284 0.7844
0.001278 0.8054
0.001249 0.8243
0.001230 0.8414
0.001222 0.8568
0.001211 0.8708
0.001220 0.8833
0.001233 0.8947
0.001243 0.9049
0.001222 0.9142
0.001203 0.9225
0.001218 0.9301
0.001214 0.9369
0.001219 0.9430
0.001217 0.9486
0.001228 0.9536
0.001252 0.9581
0.001259 0.9622
0.001250 0.9658
0.001260 0.9692
0.003699 0.9722
0.003676 0.9749
0.003644 0.9773
0.003606 0.9795
0.003586 0.9815
0.003527 0.9833
0.003460 0.9849
0.003405 0.9864
0.003358 0.9877
0.003222 0.9889
0.003160 0.9900
model.13.m.0.cv2.conv
0.004940 0.0000
0.009593 0.4000
0.008925 0.4584
0.008218 0.5111
0.007612 0.5586
0.006891 0.6016
0.006347 0.6403
0.005843 0.6753
0.005522 0.7069
0.004912 0.7354
0.004647 0.7612
0.004321 0.7844
0.004095 0.8054
0.003908 0.8243
0.003640 0.8414
0.003461 0.8568
0.003254 0.8708
0.003152 0.8833
0.003064 0.8947
0.002952 0.9049
0.002871 0.9142
0.002717 0.9225
0.002707 0.9301
0.002622 0.9369
0.002583 0.9430
0.002526 0.9486
0.002515 0.9536
0.002474 0.9581
0.002455 0.9622
0.002438 0.9658
0.002410 0.9692
0.002405 0.9722
0.002401 0.9749
0.002366 0.9773
0.002346 0.9795
0.002338 0.9815
0.002328 0.9833
0.002288 0.9849
0.002293 0.9864
0.002267 0.9877
0.002251 0.9889
0.002234 0.9900
model.13.cv3.conv
0.008622 0.0000
0.005964 0.4000
0.005512 0.4584
0.005093 0.5111
0.004730 0.5586
0.004751 0.6016
0.004453 0.6403
0.004233 0.6753
0.004021 0.7069
0.003762 0.7354
0.003603 0.7612
0.003472 0.7844
0.003328 0.8054
0.003192 0.8243
0.003057 0.8414
0.002974 0.8568
0.002866 0.8708
0.002823 0.8833
0.002750 0.8947
0.002698 0.9049
0.002663 0.9142
0.002633 0.9225
0.002633 0.9301
0.002602 0.9369
0.002554 0.9430
0.002543 0.9486
0.002556 0.9536
0.002546 0.9581
0.002551 0.9622
0.002513 0.9658
0.002529 0.9692
0.002569 0.9722
0.002565 0.9749
0.002554 0.9773
0.002550 0.9795
0.003726 0.9815
0.003811 0.9833
0.003745 0.9849
0.005395 0.9864
0.005324 0.9877
0.005304 0.9889
0.005246 0.9900
model.14.conv
0.004892 0.0000
0.004314 0.4000
0.004124 0.4584
0.003928 0.5111
0.003746 0.5586
0.003671 0.6016
0.003550 0.6403
0.003403 0.6753
0.003306 0.7069
0.003187 0.7354
0.003117 0.7612
0.003050 0.7844
0.002977 0.8054
0.002936 0.8243
0.002869 0.8414
0.002813 0.8568
0.002784 0.8708
0.002723 0.8833
0.002694 0.8947
0.002665 0.9049
0.002661 0.9142
0.002671 0.9225
0.002654 0.9301
0.002642 0.9369
0.002635 0.9430
0.002635 0.9486
0.002644 0.9536
0.002670 0.9581
0.002682 0.9622
0.002677 0.9658
0.002686 0.9692
0.002692 0.9722
0.002642 0.9749
0.002648 0.9773
0.002645 0.9795
0.003726 0.9815
0.003811 0.9833
0.003745 0.9849
0.005395 0.9864
0.005324 0.9877
0.005304 0.9889
0.005246 0.9900
model.17.cv2.conv
0.009648 0.0000
0.007984 0.4000
0.007800 0.4584
0.007751 0.5111
0.007551 0.5586
0.006156 0.6016
0.006032 0.6403
0.005859 0.6753
0.005775 0.7069
0.005681 0.7354
0.005644 0.7612
0.005600 0.7844
0.005622 0.8054
0.005629 0.8243
0.005605 0.8414
0.005583 0.8568
0.005529 0.8708
0.005566 0.8833
0.005571 0.8947
0.005507 0.9049
0.005519 0.9142
0.005488 0.9225
0.005434 0.9301
0.005347 0.9369
0.005284 0.9430
0.005251 0.9486
0.005210 0.9536
0.005041 0.9581
0.005007 0.9622
0.005010 0.9658
0.004956 0.9692
0.007961 0.9722
0.007950 0.9749
0.007806 0.9773
0.007679 0.9795
0.007689 0.9815
0.007564 0.9833
0.007302 0.9849
0.007325 0.9864
0.007277 0.9877
0.006959 0.9889
0.007061 0.9900
model.17.cv1.conv
0.009550 0.0000
0.007575 0.4000
0.007314 0.4584
0.007147 0.5111
0.006982 0.5586
0.006119 0.6016
0.005997 0.6403
0.005837 0.6753
0.005742 0.7069
0.005615 0.7354
0.005538 0.7612
0.005501 0.7844
0.005422 0.8054
0.005371 0.8243
0.005408 0.8414
0.005309 0.8568
0.005277 0.8708
0.005263 0.8833
0.005234 0.8947
0.005241 0.9049
0.005227 0.9142
0.005215 0.9225
0.005237 0.9301
0.005238 0.9369
0.005588 0.9430
0.005574 0.9486
0.005519 0.9536
0.005490 0.9581
0.005488 0.9622
0.005436 0.9658
0.005446 0.9692
0.005532 0.9722
0.005450 0.9749
0.005255 0.9773
0.005111 0.9795
0.005173 0.9815
0.005063 0.9833
0.004781 0.9849
0.004689 0.9864
0.004666 0.9877
0.004395 0.9889
0.004432 0.9900
model.17.m.0.cv1.conv
0.003282 0.0000
0.002562 0.4000
0.002638 0.4584
0.002473 0.5111
0.002465 0.5586
0.002356 0.6016
0.002371 0.6403
0.002362 0.6753
0.002358 0.7069
0.002352 0.7354
0.002412 0.7612
0.002312 0.7844
0.002353 0.8054
0.002295 0.8243
0.002307 0.8414
0.002309 0.8568
0.002317 0.8708
0.002324 0.8833
0.002315 0.8947
0.002335 0.9049
0.002339 0.9142
0.002340 0.9225
0.002382 0.9301
0.002375 0.9369
0.005588 0.9430
0.005574 0.9486
0.005519 0.9536
0.005490 0.9581
0.005488 0.9622
0.005436 0.9658
0.005446 0.9692
0.005532 0.9722
0.005450 0.9749
0.005255 0.9773
0.005111 0.9795
0.005173 0.9815
0.005063 0.9833
0.004781 0.9849
0.004689 0.9864
0.004666 0.9877
0.004395 0.9889
0.004432 0.9900
model.17.m.0.cv2.conv
0.005509 0.0000
0.009592 0.4000
0.009000 0.4584
0.008374 0.5111
0.007832 0.5586
0.007203 0.6016
0.006837 0.6403
0.006418 0.6753
0.006184 0.7069
0.005774 0.7354
0.005625 0.7612
0.005314 0.7844
0.005129 0.8054
0.005015 0.8243
0.004771 0.8414
0.004648 0.8568
0.004542 0.8708
0.004492 0.8833
0.004451 0.8947
0.004412 0.9049
0.004350 0.9142
0.004342 0.9225
0.004286 0.9301
0.004281 0.9369
0.004334 0.9430
0.004343 0.9486
0.004340 0.9536
0.004315 0.9581
0.004295 0.9622
0.004246 0.9658
0.004223 0.9692
0.004197 0.9722
0.004230 0.9749
0.004156 0.9773
0.004138 0.9795
0.004114 0.9815
0.004162 0.9833
0.004156 0.9849
0.004173 0.9864
0.004169 0.9877
0.004168 0.9889
0.004134 0.9900
model.17.cv3.conv
0.010030 0.0000
0.007609 0.4000
0.007080 0.4584
0.006525 0.5111
0.006286 0.5586
0.005892 0.6016
0.005902 0.6403
0.005599 0.6753
0.005505 0.7069
0.005356 0.7354
0.005272 0.7612
0.005095 0.7844
0.005053 0.8054
0.004917 0.8243
0.004871 0.8414
0.004900 0.8568
0.004813 0.8708
0.004789 0.8833
0.004792 0.8947
0.004778 0.9049
0.004786 0.9142
0.004807 0.9225
0.004928 0.9301
0.004832 0.9369
0.004835 0.9430
0.004832 0.9486
0.004892 0.9536
0.004971 0.9581
0.005021 0.9622
0.004910 0.9658
0.004928 0.9692
0.007961 0.9722
0.007950 0.9749
0.007806 0.9773
0.007679 0.9795
0.007689 0.9815
0.007564 0.9833
0.007302 0.9849
0.007325 0.9864
0.007277 0.9877
0.006959 0.9889
0.007061 0.9900
model.18.conv
0.016527 0.0000
0.011842 0.4000
0.011175 0.4584
0.010365 0.5111
0.009709 0.5586
0.008718 0.6016
0.008197 0.6403
0.007597 0.6753
0.007254 0.7069
0.006785 0.7354
0.006534 0.7612
0.006223 0.7844
0.006020 0.8054
0.005813 0.8243
0.005601 0.8414
0.005459 0.8568
0.005323 0.8708
0.005109 0.8833
0.005105 0.8947
0.005052 0.9049
0.004997 0.9142
0.004898 0.9225
0.004890 0.9301
0.004856 0.9369
0.005049 0.9430
0.005069 0.9486
0.005018 0.9536
0.005019 0.9581
0.005037 0.9622
0.004979 0.9658
0.004968 0.9692
0.004848 0.9722
0.004794 0.9749
0.004704 0.9773
0.004668 0.9795
0.004630 0.9815
0.004561 0.9833
0.004478 0.9849
0.004535 0.9864
0.004491 0.9877
0.004414 0.9889
0.004348 0.9900
model.20.cv2.conv
0.004544 0.0000
0.003313 0.4000
0.003098 0.4584
0.002939 0.5111
0.002805 0.5586
0.002567 0.6016
0.002455 0.6403
0.002345 0.6753
0.002268 0.7069
0.002176 0.7354
0.002111 0.7612
0.002065 0.7844
0.002008 0.8054
0.001970 0.8243
0.001932 0.8414
0.001906 0.8568
0.001878 0.8708
0.001799 0.8833
0.001787 0.8947
0.001780 0.9049
0.001798 0.9142
0.001775 0.9225
0.001806 0.9301
0.001794 0.9369
0.001866 0.9430
0.001855 0.9486
0.001875 0.9536
0.001873 0.9581
0.001871 0.9622
0.001860 0.9658
0.001848 0.9692
0.001865 0.9722
0.001873 0.9749
0.001867 0.9773
0.001860 0.9795
0.003016 0.9815
0.003003 0.9833
0.002931 0.9849
0.003240 0.9864
0.003224 0.9877
0.003052 0.9889
0.003161 0.9900
model.20.cv1.conv
0.004547 0.0000
0.003166 0.4000
0.002980 0.4584
0.002834 0.5111
0.002692 0.5586
0.002556 0.6016
0.002446 0.6403
0.002318 0.6753
0.002223 0.7069
0.002140 0.7354
0.002071 0.7612
0.002039 0.7844
0.001984 0.8054
0.001926 0.8243
0.001889 0.8414
0.001838 0.8568
0.001798 0.8708
0.001748 0.8833
0.001738 0.8947
0.001712 0.9049
0.001706 0.9142
0.001707 0.9225
0.001708 0.9301
0.001684 0.9369
0.001751 0.9430
0.001761 0.9486
0.001746 0.9536
0.001768 0.9581
0.001761 0.9622
0.001772 0.9658
0.001786 0.9692
0.002152 0.9722
0.002135 0.9749
0.002095 0.9773
0.002048 0.9795
0.002081 0.9815
0.002043 0.9833
0.001942 0.9849
0.001931 0.9864
0.001907 0.9877
0.001818 0.9889
0.001845 0.9900
model.20.m.0.cv1.conv
0.002586 0.0000
0.001925 0.4000
0.001798 0.4584
0.001663 0.5111
0.001599 0.5586
0.001519 0.6016
0.001473 0.6403
0.001444 0.6753
0.001390 0.7069
0.001342 0.7354
0.001320 0.7612
0.001277 0.7844
0.001277 0.8054
0.001262 0.8243
0.001229 0.8414
0.001216 0.8568
0.001208 0.8708
0.001201 0.8833
0.001189 0.8947
0.001200 0.9049
0.001194 0.9142
0.001200 0.9225
0.001201 0.9301
0.001206 0.9369
0.001215 0.9430
0.001226 0.9486
0.001234 0.9536
0.001251 0.9581
0.001261 0.9622
0.001259 0.9658
0.001278 0.9692
0.002152 0.9722
0.002135 0.9749
0.002095 0.9773
0.002048 0.9795
0.002081 0.9815
0.002043 0.9833
0.001942 0.9849
0.001931 0.9864
0.001907 0.9877
0.001818 0.9889
0.001845 0.9900
model.20.m.0.cv2.conv
0.004940 0.0000
0.009614 0.4000
0.008925 0.4584
0.008202 0.5111
0.007621 0.5586
0.006842 0.6016
0.006434 0.6403
0.005881 0.6753
0.005484 0.7069
0.004959 0.7354
0.004688 0.7612
0.004354 0.7844
0.004119 0.8054
0.003895 0.8243
0.003659 0.8414
0.003500 0.8568
0.003270 0.8708
0.003194 0.8833
0.003093 0.8947
0.002989 0.9049
0.002930 0.9142
0.002849 0.9225
0.002807 0.9301
0.002727 0.9369
0.002681 0.9430
0.002622 0.9486
0.002561 0.9536
0.002539 0.9581
0.002509 0.9622
0.002465 0.9658
0.002442 0.9692
0.002446 0.9722
0.002453 0.9749
0.002393 0.9773
0.002375 0.9795
0.002369 0.9815
0.002351 0.9833
0.002311 0.9849
0.002276 0.9864
0.002259 0.9877
0.002243 0.9889
0.002241 0.9900
model.20.cv3.conv
0.008624 0.0000
0.005968 0.4000
0.005590 0.4584
0.005186 0.5111
0.004775 0.5586
0.004764 0.6016
0.004463 0.6403
0.004233 0.6753
0.004006 0.7069
0.003792 0.7354
0.003622 0.7612
0.003465 0.7844
0.003346 0.8054
0.003201 0.8243
0.003074 0.8414
0.002963 0.8568
0.002859 0.8708
0.002880 0.8833
0.002832 0.8947
0.002777 0.9049
0.002733 0.9142
0.002648 0.9225
0.002662 0.9301
0.002636 0.9369
0.002580 0.9430
0.002568 0.9486
0.002559 0.9536
0.002567 0.9581
0.002558 0.9622
0.002560 0.9658
0.002557 0.9692
0.002570 0.9722
0.002560 0.9749
0.002557 0.9773
0.002579 0.9795
0.002554 0.9815
0.002535 0.9833
0.002505 0.9849
0.003240 0.9864
0.003224 0.9877
0.003052 0.9889
0.003161 0.9900
model.21.conv
0.019445 0.0000
0.012467 0.4000
0.011579 0.4584
0.010563 0.5111
0.009689 0.5586
0.008949 0.6016
0.008147 0.6403
0.007528 0.6753
0.007055 0.7069
0.006589 0.7354
0.006131 0.7612
0.005742 0.7844
0.005490 0.8054
0.005154 0.8243
0.004822 0.8414
0.004583 0.8568
0.004347 0.8708
0.004032 0.8833
0.003884 0.8947
0.003728 0.9049
0.003602 0.9142
0.003630 0.9225
0.003594 0.9301
0.003560 0.9369
0.003558 0.9430
0.003477 0.9486
0.003391 0.9536
0.003363 0.9581
0.003327 0.9622
0.003263 0.9658
0.003234 0.9692
0.003231 0.9722
0.003222 0.9749
0.003120 0.9773
0.003052 0.9795
0.002763 0.9815
0.002728 0.9833
0.002625 0.9849
0.002680 0.9864
0.002611 0.9877
0.002523 0.9889
0.002475 0.9900
model.23.cv2.conv
0.003854 0.0000
0.002999 0.4000
0.002679 0.4584
0.002430 0.5111
0.002224 0.5586
0.002133 0.6016
0.001996 0.6403
0.001871 0.6753
0.001763 0.7069
0.001650 0.7354
0.001572 0.7612
0.001502 0.7844
0.001443 0.8054
0.001395 0.8243
0.001344 0.8414
0.001315 0.8568
0.001290 0.8708
0.001199 0.8833
0.001189 0.8947
0.001180 0.9049
0.001171 0.9142
0.001154 0.9225
0.001165 0.9301
0.001147 0.9369
0.001080 0.9430
0.001073 0.9486
0.001060 0.9536
0.001075 0.9581
0.001150 0.9622
0.001141 0.9658
0.001139 0.9692
0.001150 0.9722
0.001146 0.9749
0.001133 0.9773
0.001125 0.9795
0.001137 0.9815
0.001120 0.9833
0.001117 0.9849
0.001209 0.9864
0.001196 0.9877
0.001178 0.9889
0.001187 0.9900
model.23.cv1.conv
0.003822 0.0000
0.002936 0.4000
0.002649 0.4584
0.002404 0.5111
0.002191 0.5586
0.002090 0.6016
0.001947 0.6403
0.001811 0.6753
0.001735 0.7069
0.001611 0.7354
0.001515 0.7612
0.001444 0.7844
0.001385 0.8054
0.001326 0.8243
0.001283 0.8414
0.001232 0.8568
0.001205 0.8708
0.001192 0.8833
0.001174 0.8947
0.001151 0.9049
0.001140 0.9142
0.001125 0.9225
0.001114 0.9301
0.001108 0.9369
0.001068 0.9430
0.001062 0.9486
0.001064 0.9536
0.001065 0.9581
0.001104 0.9622
0.001098 0.9658
0.001102 0.9692
0.001098 0.9722
0.001107 0.9749
0.001097 0.9773
0.001095 0.9795
0.001101 0.9815
0.001086 0.9833
0.001079 0.9849
0.001297 0.9864
0.001291 0.9877
0.001252 0.9889
0.001255 0.9900
model.23.m.0.cv1.conv
0.001996 0.0000
0.001516 0.4000
0.001395 0.4584
0.001303 0.5111
0.001201 0.5586
0.001167 0.6016
0.001110 0.6403
0.001057 0.6753
0.001011 0.7069
0.000974 0.7354
0.000940 0.7612
0.000917 0.7844
0.000905 0.8054
0.000878 0.8243
0.000857 0.8414
0.000843 0.8568
0.000838 0.8708
0.000824 0.8833
0.000827 0.8947
0.000826 0.9049
0.000815 0.9142
0.000801 0.9225
0.000808 0.9301
0.000791 0.9369
0.000754 0.9430
0.000757 0.9486
0.000752 0.9536
0.000760 0.9581
0.000745 0.9622
0.000762 0.9658
0.000736 0.9692
0.000801 0.9722
0.000797 0.9749
0.000795 0.9773
0.000790 0.9795
0.000785 0.9815
0.000787 0.9833
0.000784 0.9849
0.001297 0.9864
0.001291 0.9877
0.001252 0.9889
0.001255 0.9900
model.23.m.0.cv2.conv
0.008342 0.0000
0.009831 0.4000
0.009023 0.4584
0.008365 0.5111
0.007595 0.5586
0.007155 0.6016
0.006595 0.6403
0.005912 0.6753
0.005567 0.7069
0.005049 0.7354
0.004774 0.7612
0.004440 0.7844
0.004359 0.8054
0.004002 0.8243
0.003708 0.8414
0.003500 0.8568
0.003219 0.8708
0.003062 0.8833
0.002872 0.8947
0.002722 0.9049
0.002556 0.9142
0.002398 0.9225
0.002295 0.9301
0.002191 0.9369
0.002091 0.9430
0.002016 0.9486
0.001913 0.9536
0.001858 0.9581
0.001791 0.9622
0.001699 0.9658
0.001664 0.9692
0.001640 0.9722
0.001609 0.9749
0.001548 0.9773
0.001479 0.9795
0.001458 0.9815
0.001433 0.9833
0.001358 0.9849
0.001408 0.9864
0.001367 0.9877
0.001318 0.9889
0.001318 0.9900
model.23.cv3.conv
0.007771 0.0000
0.006187 0.4000
0.005689 0.4584
0.005194 0.5111
0.004693 0.5586
0.004456 0.6016
0.004096 0.6403
0.003752 0.6753
0.003406 0.7069
0.003108 0.7354
0.002846 0.7612
0.002643 0.7844
0.002473 0.8054
0.002324 0.8243
0.002188 0.8414
0.002090 0.8568
0.001995 0.8708
0.001911 0.8833
0.001870 0.8947
0.001802 0.9049
0.001788 0.9142
0.001768 0.9225
0.001803 0.9301
0.001738 0.9369
0.001641 0.9430
0.001627 0.9486
0.001623 0.9536
0.001621 0.9581
0.001615 0.9622
0.001591 0.9658
0.001591 0.9692
0.001593 0.9722
0.001582 0.9749
0.001578 0.9773
0.001567 0.9795
0.001568 0.9815
0.001557 0.9833
0.001539 0.9849
0.001545 0.9864
0.001520 0.9877
0.001505 0.9889
0.001507 0.9900
model.24.m.2
0.005889 0.0000
0.005228 0.4000
0.005016 0.4584
0.004771 0.5111
0.004588 0.5586
0.004251 0.6016
0.004104 0.6403
0.003986 0.6753
0.003867 0.7069
0.003789 0.7354
0.003695 0.7612
0.003607 0.7844
0.003522 0.8054
0.003491 0.8243
0.003404 0.8414
0.003364 0.8568
0.003237 0.8708
0.003317 0.8833
0.003250 0.8947
0.003230 0.9049
0.003218 0.9142
0.003198 0.9225
0.003189 0.9301
0.003182 0.9369
0.003059 0.9430
0.003055 0.9486
0.003003 0.9536
0.002980 0.9581
0.003009 0.9622
0.002993 0.9658
0.002953 0.9692
0.003001 0.9722
0.002987 0.9749
0.002963 0.9773
0.002966 0.9795
0.002969 0.9815
0.002959 0.9833
0.002960 0.9849
0.002922 0.9864
0.002916 0.9877
0.002898 0.9889
0.002859 0.9900
model.24.m.1
0.011983 0.0000
0.011207 0.4000
0.010732 0.4584
0.010314 0.5111
0.009961 0.5586
0.009601 0.6016
0.009374 0.6403
0.009122 0.6753
0.008907 0.7069
0.008715 0.7354
0.008568 0.7612
0.008422 0.7844
0.008315 0.8054
0.008188 0.8243
0.008075 0.8414
0.007952 0.8568
0.007881 0.8708
0.007737 0.8833
0.007728 0.8947
0.007603 0.9049
0.007558 0.9142
0.007589 0.9225
0.007544 0.9301
0.007526 0.9369
0.007535 0.9430
0.007498 0.9486
0.007439 0.9536
0.007414 0.9581
0.007386 0.9622
0.007376 0.9658
0.007365 0.9692
0.007302 0.9722
0.007283 0.9749
0.007272 0.9773
0.007249 0.9795
0.007153 0.9815
0.007154 0.9833
0.007126 0.9849
0.007142 0.9864
0.007166 0.9877
0.007126 0.9889
0.007098 0.9900
model.24.m.0
0.051176 0.0000
0.039951 0.4000
0.039074 0.4584
0.038370 0.5111
0.037679 0.5586
0.037186 0.6016
0.036685 0.6403
0.036236 0.6753
0.035880 0.7069
0.035554 0.7354
0.035117 0.7612
0.034810 0.7844
0.034528 0.8054
0.034277 0.8243
0.034028 0.8414
0.033789 0.8568
0.033780 0.8708
0.033472 0.8833
0.033441 0.8947
0.033125 0.9049
0.033036 0.9142
0.032782 0.9225
0.033009 0.9301
0.032884 0.9369
0.032861 0.9430
0.032740 0.9486
0.032800 0.9536
0.033003 0.9581
0.032785 0.9622
0.032860 0.9658
0.032984 0.9692
0.032600 0.9722
0.032547 0.9749
0.032407 0.9773
0.032452 0.9795
0.032522 0.9815
0.032563 0.9833
0.032433 0.9849
0.032195 0.9864
0.032349 0.9877
0.032172 0.9889
0.032111 0.9900
