base
1.45870312
prunable
1.3199593033333334
model.0.conv
0.052396 0.0000
0.040212 0.4000
0.040242 0.4584
0.040306 0.5111
0.040209 0.5586
0.040236 0.6016
0.043232 0.6403
0.041790 0.6753
0.040365 0.7069
0.040265 0.7354
0.040343 0.7612
0.040356 0.7844
0.040456 0.8054
0.040433 0.8243
0.040528 0.8414
0.040231 0.8568
0.040381 0.8708
0.040396 0.8833
0.040457 0.8947
0.040595 0.9049
0.040239 0.9142
0.040388 0.9225
0.040439 0.9301
0.040569 0.9369
0.040378 0.9430
0.040269 0.9486
0.040861 0.9536
0.040410 0.9581
0.040476 0.9622
0.040388 0.9658
0.040461 0.9692
0.040598 0.9722
0.040229 0.9749
0.040526 0.9773
0.040406 0.9795
0.040264 0.9815
0.040460 0.9833
0.040363 0.9849
0.040217 0.9864
0.040511 0.9877
0.040541 0.9889
0.040236 0.9900
model.1.conv
0.073012 0.0000
0.056172 0.4000
0.053929 0.4584
0.050696 0.5111
0.047672 0.5586
0.045646 0.6016
0.044137 0.6403
0.042571 0.6753
0.041174 0.7069
0.039715 0.7354
0.038832 0.7612
0.037882 0.7844
0.037471 0.8054
0.036717 0.8243
0.036355 0.8414
0.035704 0.8568
0.035885 0.8708
0.035638 0.8833
0.035762 0.8947
0.035803 0.9049
0.035737 0.9142
0.035768 0.9225
0.035803 0.9301
0.035791 0.9369
0.035799 0.9430
0.035537 0.9486
0.035481 0.9536
0.035358 0.9581
0.035092 0.9622
0.035266 0.9658
0.035232 0.9692
0.035142 0.9722
0.034633 0.9749
0.034657 0.9773
0.034656 0.9795
0.034260 0.9815
0.034237 0.9833
0.033612 0.9849
0.033198 0.9864
0.033046 0.9877
0.032464 0.9889
0.032070 0.9900
model.2.cv2.conv
0.017468 0.0000
0.010809 0.4000
0.010877 0.4584
0.010783 0.5111
0.010715 0.5586
0.010625 0.6016
0.010542 0.6403
0.010572 0.6753
0.010548 0.7069
0.010537 0.7354
0.010413 0.7612
0.010451 0.7844
0.010400 0.8054
0.010421 0.8243
0.010347 0.8414
0.010316 0.8568
0.010313 0.8708
0.010439 0.8833
0.010288 0.8947
0.010381 0.9049
0.010400 0.9142
0.010411 0.9225
0.010494 0.9301
0.010579 0.9369
0.010634 0.9430
0.022548 0.9486
0.022462 0.9536
0.023665 0.9581
0.023036 0.9622
0.023159 0.9658
0.022808 0.9692
0.022575 0.9722
0.023126 0.9749
0.022294 0.9773
0.022156 0.9795
0.022460 0.9815
0.022793 0.9833
0.021667 0.9849
0.021680 0.9864
0.021168 0.9877
0.021549 0.9889
0.021041 0.9900
model.2.cv1.conv
0.012671 0.0000
0.011790 0.4000
0.011690 0.4584
0.011926 0.5111
0.011823 0.5586
0.011782 0.6016
0.012519 0.6403
0.012557 0.6753
0.011996 0.7069
0.011766 0.7354
0.012083 0.7612
0.011620 0.7844
0.011963 0.8054
0.011717 0.8243
0.011676 0.8414
0.011900 0.8568
0.011605 0.8708
0.011582 0.8833
0.012819 0.8947
0.011717 0.9049
0.012213 0.9142
0.016557 0.9225
0.016326 0.9301
0.016222 0.9369
0.016314 0.9430
0.019192 0.9486
0.019207 0.9536
0.020783 0.9581
0.018988 0.9622
0.019581 0.9658
0.018848 0.9692
0.018692 0.9722
0.019250 0.9749
0.018560 0.9773
0.018480 0.9795
0.018553 0.9815
0.019640 0.9833
0.018166 0.9849
0.018074 0.9864
0.017933 0.9877
0.018047 0.9889
0.018049 0.9900
model.2.m.0.cv1.conv
0.008448 0.0000
0.007284 0.4000
0.007369 0.4584
0.007285 0.5111
0.007260 0.5586
0.007185 0.6016
0.007191 0.6403
0.007311 0.6753
0.007317 0.7069
0.007305 0.7354
0.007352 0.7612
0.007204 0.7844
0.007664 0.8054
0.007226 0.8243
0.007205 0.8414
0.007122 0.8568
0.007143 0.8708
0.007215 0.8833
0.007262 0.8947
0.007335 0.9049
0.007315 0.9142
0.015502 0.9225
0.015343 0.9301
0.015346 0.9369
0.015211 0.9430
0.015856 0.9486
0.015850 0.9536
0.017330 0.9581
0.015485 0.9622
0.015732 0.9658
0.015324 0.9692
0.015161 0.9722
0.015507 0.9749
0.015044 0.9773
0.014888 0.9795
0.014827 0.9815
0.015613 0.9833
0.014456 0.9849
0.014292 0.9864
0.014175 0.9877
0.013991 0.9889
0.013890 0.9900
model.2.m.0.cv2.conv
0.013430 0.0000
0.022568 0.4000
0.021362 0.4584
0.020307 0.5111
0.019220 0.5586
0.018300 0.6016
0.017631 0.6403
0.017127 0.6753
0.016409 0.7069
0.015989 0.7354
0.015667 0.7612
0.015309 0.7844
0.015114 0.8054
0.014877 0.8243
0.014705 0.8414
0.014482 0.8568
0.014503 0.8708
0.014354 0.8833
0.014348 0.8947
0.014331 0.9049
0.014224 0.9142
0.014401 0.9225
0.014357 0.9301
0.014285 0.9369
0.014176 0.9430
0.014021 0.9486
0.014068 0.9536
0.013960 0.9581
0.013943 0.9622
0.013869 0.9658
0.013731 0.9692
0.013781 0.9722
0.013768 0.9749
0.013664 0.9773
0.013678 0.9795
0.013523 0.9815
0.013450 0.9833
0.013394 0.9849
0.013242 0.9864
0.013021 0.9877
0.012965 0.9889
0.012715 0.9900
model.2.m.1.cv1.conv
0.008449 0.0000
0.007390 0.4000
0.007498 0.4584
0.007345 0.5111
0.007372 0.5586
0.007266 0.6016
0.007250 0.6403
0.007243 0.6753
0.007232 0.7069
0.007178 0.7354
0.007238 0.7612
0.007247 0.7844
0.007190 0.8054
0.007532 0.8243
0.007159 0.8414
0.007099 0.8568
0.007170 0.8708
0.007119 0.8833
0.007122 0.8947
0.007188 0.9049
0.007149 0.9142
0.018788 0.9225
0.018507 0.9301
0.018319 0.9369
0.018515 0.9430
0.019171 0.9486
0.019310 0.9536
0.021354 0.9581
0.018442 0.9622
0.019853 0.9658
0.018412 0.9692
0.018340 0.9722
0.019117 0.9749
0.018341 0.9773
0.018397 0.9795
0.018371 0.9815
0.020514 0.9833
0.018374 0.9849
0.018250 0.9864
0.018456 0.9877
0.018600 0.9889
0.019217 0.9900
model.2.m.1.cv2.conv
0.013405 0.0000
0.022726 0.4000
0.021393 0.4584
0.020306 0.5111
0.019212 0.5586
0.018342 0.6016
0.017637 0.6403
0.017084 0.6753
0.016515 0.7069
0.016013 0.7354
0.015627 0.7612
0.015293 0.7844
0.015049 0.8054
0.014738 0.8243
0.014551 0.8414
0.014364 0.8568
0.014344 0.8708
0.014267 0.8833
0.014120 0.8947
0.014194 0.9049
0.014118 0.9142
0.014284 0.9225
0.014222 0.9301
0.014218 0.9369
0.014252 0.9430
0.014102 0.9486
0.014176 0.9536
0.014029 0.9581
0.013992 0.9622
0.013932 0.9658
0.013961 0.9692
0.013947 0.9722
0.013961 0.9749
0.013855 0.9773
0.013813 0.9795
0.013722 0.9815
0.013453 0.9833
0.013360 0.9849
0.013240 0.9864
0.013237 0.9877
0.013135 0.9889
0.012989 0.9900
model.2.cv3.conv
0.027284 0.0000
0.018799 0.4000
0.017865 0.4584
0.017540 0.5111
0.017811 0.5586
0.016406 0.6016
0.015742 0.6403
0.015445 0.6753
0.015278 0.7069
0.015209 0.7354
0.014803 0.7612
0.014720 0.7844
0.014746 0.8054
0.014393 0.8243
0.014360 0.8414
0.014395 0.8568
0.014561 0.8708
0.014566 0.8833
0.014492 0.8947
0.014648 0.9049
0.014646 0.9142
0.014924 0.9225
0.014779 0.9301
0.015469 0.9369
0.014950 0.9430
0.015546 0.9486
0.015853 0.9536
0.015672 0.9581
0.023036 0.9622
0.023159 0.9658
0.022808 0.9692
0.022575 0.9722
0.023126 0.9749
0.022294 0.9773
0.022156 0.9795
0.022460 0.9815
0.022793 0.9833
0.021667 0.9849
0.021680 0.9864
0.021168 0.9877
0.021549 0.9889
0.021041 0.9900
model.3.conv
0.069373 0.0000
0.049436 0.4000
0.046517 0.4584
0.043700 0.5111
0.040995 0.5586
0.034661 0.6016
0.032645 0.6403
0.030652 0.6753
0.028837 0.7069
0.027155 0.7354
0.025860 0.7612
0.024695 0.7844
0.024126 0.8054
0.023165 0.8243
0.022330 0.8414
0.021137 0.8568
0.020727 0.8708
0.020558 0.8833
0.020129 0.8947
0.019882 0.9049
0.019435 0.9142
0.019406 0.9225
0.019219 0.9301
0.019147 0.9369
0.019138 0.9430
0.018977 0.9486
0.019091 0.9536
0.018950 0.9581
0.019064 0.9622
0.018852 0.9658
0.018915 0.9692
0.018922 0.9722
0.018807 0.9749
0.018739 0.9773
0.018718 0.9795
0.018576 0.9815
0.018576 0.9833
0.018446 0.9849
0.018401 0.9864
0.018451 0.9877
0.018379 0.9889
0.018203 0.9900
model.4.cv2.conv
0.010990 0.0000
0.008436 0.4000
0.008077 0.4584
0.007969 0.5111
0.007707 0.5586
0.006488 0.6016
0.006378 0.6403
0.006104 0.6753
0.005997 0.7069
0.005857 0.7354
0.005733 0.7612
0.005602 0.7844
0.005561 0.8054
0.005432 0.8243
0.005345 0.8414
0.005297 0.8568
0.005234 0.8708
0.005227 0.8833
0.005219 0.8947
0.005244 0.9049
0.005179 0.9142
0.005186 0.9225
0.005188 0.9301
0.005196 0.9369
0.005296 0.9430
0.005259 0.9486
0.005309 0.9536
0.005332 0.9581
0.005337 0.9622
0.005276 0.9658
0.005210 0.9692
0.005143 0.9722
0.010983 0.9749
0.010805 0.9773
0.010640 0.9795
0.017196 0.9815
0.017486 0.9833
0.016755 0.9849
0.017054 0.9864
0.016697 0.9877
0.016440 0.9889
0.016975 0.9900
model.4.cv1.conv
0.006508 0.0000
0.005822 0.4000
0.005747 0.4584
0.005717 0.5111
0.005625 0.5586
0.005280 0.6016
0.005220 0.6403
0.005169 0.6753
0.005115 0.7069
0.005039 0.7354
0.005017 0.7612
0.004978 0.7844
0.004999 0.8054
0.004904 0.8243
0.004881 0.8414
0.004847 0.8568
0.004848 0.8708
0.004859 0.8833
0.004818 0.8947
0.004844 0.9049
0.004844 0.9142
0.004846 0.9225
0.004825 0.9301
0.004817 0.9369
0.004831 0.9430
0.004808 0.9486
0.004823 0.9536
0.004812 0.9581
0.008036 0.9622
0.008023 0.9658
0.007963 0.9692
0.007954 0.9722
0.007964 0.9749
0.007884 0.9773
0.007883 0.9795
0.007852 0.9815
0.007900 0.9833
0.007791 0.9849
0.007737 0.9864
0.007771 0.9877
0.007715 0.9889
0.007660 0.9900
model.4.m.0.cv1.conv
0.007612 0.0000
0.004705 0.4000
0.004455 0.4584
0.004576 0.5111
0.004233 0.5586
0.004145 0.6016
0.004080 0.6403
0.003839 0.6753
0.003777 0.7069
0.003787 0.7354
0.003708 0.7612
0.003661 0.7844
0.003665 0.8054
0.003627 0.8243
0.003607 0.8414
0.003663 0.8568
0.003601 0.8708
0.003594 0.8833
0.003584 0.8947
0.003585 0.9049
0.003570 0.9142
0.003566 0.9225
0.003639 0.9301
0.003683 0.9369
0.003686 0.9430
0.003681 0.9486
0.003721 0.9536
0.003784 0.9581
0.008657 0.9622
0.008585 0.9658
0.008512 0.9692
0.008465 0.9722
0.008461 0.9749
0.008309 0.9773
0.008301 0.9795
0.008186 0.9815
0.008116 0.9833
0.008021 0.9849
0.007896 0.9864
0.007949 0.9877
0.007815 0.9889
0.007572 0.9900
model.4.m.0.cv2.conv
0.010927 0.0000
0.022675 0.4000
0.021408 0.4584
0.019912 0.5111
0.018453 0.5586
0.015691 0.6016
0.014614 0.6403
0.013745 0.6753
0.012891 0.7069
0.012085 0.7354
0.011490 0.7612
0.010814 0.7844
0.010362 0.8054
0.009941 0.8243
0.009496 0.8414
0.009153 0.8568
0.008933 0.8708
0.008677 0.8833
0.008487 0.8947
0.008422 0.9049
0.008194 0.9142
0.008106 0.9225
0.008005 0.9301
0.007915 0.9369
0.007836 0.9430
0.007744 0.9486
0.007789 0.9536
0.007660 0.9581
0.007682 0.9622
0.007599 0.9658
0.007561 0.9692
0.007559 0.9722
0.007500 0.9749
0.007469 0.9773
0.007419 0.9795
0.007367 0.9815
0.007331 0.9833
0.007334 0.9849
0.007228 0.9864
0.007260 0.9877
0.007208 0.9889
0.007138 0.9900
model.4.m.1.cv1.conv
0.007682 0.0000
0.004606 0.4000
0.004484 0.4584
0.004464 0.5111
0.004239 0.5586
0.004105 0.6016
0.004006 0.6403
0.003961 0.6753
0.003906 0.7069
0.003790 0.7354
0.003870 0.7612
0.003742 0.7844
0.003747 0.8054
0.003751 0.8243
0.003715 0.8414
0.003683 0.8568
0.003679 0.8708
0.003862 0.8833
0.003661 0.8947
0.003718 0.9049
0.003659 0.9142
0.003676 0.9225
0.003668 0.9301
0.003677 0.9369
0.003714 0.9430
0.003790 0.9486
0.003779 0.9536
0.003754 0.9581
0.007736 0.9622
0.007734 0.9658
0.007695 0.9692
0.007685 0.9722
0.007726 0.9749
0.007666 0.9773
0.007671 0.9795
0.007680 0.9815
0.007797 0.9833
0.007663 0.9849
0.007650 0.9864
0.007688 0.9877
0.007665 0.9889
0.007708 0.9900
model.4.m.1.cv2.conv
0.011088 0.0000
0.022862 0.4000
0.021337 0.4584
0.020027 0.5111
0.018623 0.5586
0.015531 0.6016
0.014566 0.6403
0.013611 0.6753
0.012830 0.7069
0.011976 0.7354
0.011427 0.7612
0.010833 0.7844
0.010307 0.8054
0.009809 0.8243
0.009439 0.8414
0.009020 0.8568
0.008777 0.8708
0.008584 0.8833
0.008376 0.8947
0.008323 0.9049
0.008086 0.9142
0.008014 0.9225
0.007976 0.9301
0.007911 0.9369
0.007868 0.9430
0.007799 0.9486
0.007799 0.9536
0.007709 0.9581
0.007690 0.9622
0.007621 0.9658
0.007584 0.9692
0.007535 0.9722
0.007446 0.9749
0.007420 0.9773
0.007386 0.9795
0.007388 0.9815
0.007260 0.9833
0.007226 0.9849
0.007224 0.9864
0.007242 0.9877
0.007221 0.9889
0.007203 0.9900
model.4.m.2.cv1.conv
0.007667 0.0000
0.004543 0.4000
0.004494 0.4584
0.004424 0.5111
0.004195 0.5586
0.004034 0.6016
0.004040 0.6403
0.003903 0.6753
0.003864 0.7069
0.003824 0.7354
0.003829 0.7612
0.003780 0.7844
0.003694 0.8054
0.003731 0.8243
0.003674 0.8414
0.003654 0.8568
0.003657 0.8708
0.003635 0.8833
0.003640 0.8947
0.003649 0.9049
0.003630 0.9142
0.003587 0.9225
0.003635 0.9301
0.003639 0.9369
0.003696 0.9430
0.003859 0.9486
0.003786 0.9536
0.003794 0.9581
0.007714 0.9622
0.007751 0.9658
0.007683 0.9692
0.007711 0.9722
0.007706 0.9749
0.007677 0.9773
0.007676 0.9795
0.007689 0.9815
0.007787 0.9833
0.007688 0.9849
0.007666 0.9864
0.007676 0.9877
0.007667 0.9889
0.007701 0.9900
model.4.m.2.cv2.conv
0.010962 0.0000
0.022831 0.4000
0.021251 0.4584
0.019855 0.5111
0.018496 0.5586
0.015452 0.6016
0.014509 0.6403
0.013633 0.6753
0.012750 0.7069
0.011966 0.7354
0.011447 0.7612
0.010774 0.7844
0.010300 0.8054
0.009822 0.8243
0.009478 0.8414
0.009089 0.8568
0.008880 0.8708
0.008723 0.8833
0.008505 0.8947
0.008442 0.9049
0.008178 0.9142
0.008100 0.9225
0.008058 0.9301
0.007984 0.9369
0.007887 0.9430
0.007764 0.9486
0.007781 0.9536
0.007689 0.9581
0.007728 0.9622
0.007651 0.9658
0.007605 0.9692
0.007544 0.9722
0.007423 0.9749
0.007390 0.9773
0.007302 0.9795
0.007276 0.9815
0.007251 0.9833
0.007233 0.9849
0.007198 0.9864
0.007217 0.9877
0.007144 0.9889
0.007155 0.9900
model.4.m.3.cv1.conv
0.007693 0.0000
0.004754 0.4000
0.004535 0.4584
0.004380 0.5111
0.004238 0.5586
0.004055 0.6016
0.004013 0.6403
0.003963 0.6753
0.003871 0.7069
0.003811 0.7354
0.003836 0.7612
0.003755 0.7844
0.003743 0.8054
0.003758 0.8243
0.003699 0.8414
0.003757 0.8568
0.003663 0.8708
0.003659 0.8833
0.003703 0.8947
0.003740 0.9049
0.003678 0.9142
0.003634 0.9225
0.003653 0.9301
0.003643 0.9369
0.003676 0.9430
0.003704 0.9486
0.003814 0.9536
0.003690 0.9581
0.007719 0.9622
0.007735 0.9658
0.007791 0.9692
0.007685 0.9722
0.007718 0.9749
0.007656 0.9773
0.007668 0.9795
0.007670 0.9815
0.007790 0.9833
0.007673 0.9849
0.007636 0.9864
0.007671 0.9877
0.007660 0.9889
0.007712 0.9900
model.4.m.3.cv2.conv
0.011037 0.0000
0.022763 0.4000
0.021274 0.4584
0.019929 0.5111
0.018497 0.5586
0.015547 0.6016
0.014392 0.6403
0.013581 0.6753
0.012748 0.7069
0.011919 0.7354
0.011295 0.7612
0.010711 0.7844
0.010285 0.8054
0.009747 0.8243
0.009382 0.8414
0.008959 0.8568
0.008725 0.8708
0.008571 0.8833
0.008388 0.8947
0.008295 0.9049
0.008075 0.9142
0.007996 0.9225
0.007911 0.9301
0.007821 0.9369
0.007745 0.9430
0.007677 0.9486
0.007741 0.9536
0.007679 0.9581
0.007675 0.9622
0.007601 0.9658
0.007561 0.9692
0.007548 0.9722
0.007484 0.9749
0.007466 0.9773
0.007446 0.9795
0.007419 0.9815
0.007355 0.9833
0.007312 0.9849
0.007277 0.9864
0.007299 0.9877
0.007269 0.9889
0.007256 0.9900
model.4.cv3.conv
0.025218 0.0000
0.020680 0.4000
0.019563 0.4584
0.018818 0.5111
0.018137 0.5586
0.017394 0.6016
0.016981 0.6403
0.019256 0.6753
0.017784 0.7069
0.017503 0.7354
0.017623 0.7612
0.016436 0.7844
0.016732 0.8054
0.016128 0.8243
0.015833 0.8414
0.015990 0.8568
0.015619 0.8708
0.015617 0.8833
0.016816 0.8947
0.015403 0.9049
0.016244 0.9142
0.015485 0.9225
0.015302 0.9301
0.015183 0.9369
0.015041 0.9430
0.015419 0.9486
0.015571 0.9536
0.016565 0.9581
0.015196 0.9622
0.015525 0.9658
0.014960 0.9692
0.014701 0.9722
0.015079 0.9749
0.014695 0.9773
0.014517 0.9795
0.017196 0.9815
0.017486 0.9833
0.016755 0.9849
0.017054 0.9864
0.016697 0.9877
0.016440 0.9889
0.016975 0.9900
model.5.conv
0.071439 0.0000
0.053301 0.4000
0.047883 0.4584
0.043480 0.5111
0.038640 0.5586
0.035164 0.6016
0.032003 0.6403
0.029929 0.6753
0.027712 0.7069
0.025553 0.7354
0.024126 0.7612
0.022721 0.7844
0.021229 0.8054
0.019807 0.8243
0.018570 0.8414
0.017523 0.8568
0.016485 0.8708
0.015852 0.8833
0.015063 0.8947
0.014699 0.9049
0.013866 0.9142
0.013375 0.9225
0.013013 0.9301
0.012511 0.9369
0.012265 0.9430
0.011913 0.9486
0.011826 0.9536
0.011514 0.9581
0.011299 0.9622
0.011122 0.9658
0.010967 0.9692
0.010942 0.9722
0.010768 0.9749
0.010768 0.9773
0.010664 0.9795
0.010654 0.9815
0.010522 0.9833
0.010414 0.9849
0.010358 0.9864
0.010335 0.9877
0.010200 0.9889
0.010160 0.9900
model.6.cv2.conv
0.009860 0.0000
0.006448 0.4000
0.005987 0.4584
0.005503 0.5111
0.005191 0.5586
0.004914 0.6016
0.004654 0.6403
0.004410 0.6753
0.004208 0.7069
0.004046 0.7354
0.003916 0.7612
0.003821 0.7844
0.003812 0.8054
0.003700 0.8243
0.003646 0.8414
0.003613 0.8568
0.003594 0.8708
0.003540 0.8833
0.003527 0.8947
0.003527 0.9049
0.003459 0.9142
0.003460 0.9225
0.003474 0.9301
0.003435 0.9369
0.003452 0.9430
0.003441 0.9486
0.003458 0.9536
0.003461 0.9581
0.003425 0.9622
0.003441 0.9658
0.003443 0.9692
0.003439 0.9722
0.003420 0.9749
0.003412 0.9773
0.003417 0.9795
0.003402 0.9815
0.003440 0.9833
0.003401 0.9849
0.003383 0.9864
0.005966 0.9877
0.005971 0.9889
0.008924 0.9900
model.6.cv1.conv
0.004772 0.0000
0.003849 0.4000
0.003690 0.4584
0.003535 0.5111
0.003407 0.5586
0.003345 0.6016
0.003244 0.6403
0.003180 0.6753
0.003112 0.7069
0.003041 0.7354
0.002998 0.7612
0.002986 0.7844
0.002948 0.8054
0.002925 0.8243
0.002926 0.8414
0.002894 0.8568
0.002891 0.8708
0.002883 0.8833
0.002879 0.8947
0.002882 0.9049
0.002857 0.9142
0.002842 0.9225
0.002827 0.9301
0.002844 0.9369
0.002828 0.9430
0.002857 0.9486
0.002848 0.9536
0.002849 0.9581
0.002853 0.9622
0.002859 0.9658
0.002862 0.9692
0.002864 0.9722
0.002878 0.9749
0.002879 0.9773
0.002867 0.9795
0.003943 0.9815
0.003966 0.9833
0.003946 0.9849
0.003918 0.9864
0.003896 0.9877
0.003894 0.9889
0.003844 0.9900
model.6.m.0.cv1.conv
0.004986 0.0000
0.003543 0.4000
0.003378 0.4584
0.003138 0.5111
0.003054 0.5586
0.002960 0.6016
0.002831 0.6403
0.002699 0.6753
0.002551 0.7069
0.002428 0.7354
0.002329 0.7612
0.002272 0.7844
0.002239 0.8054
0.002117 0.8243
0.002069 0.8414
0.002026 0.8568
0.002016 0.8708
0.001973 0.8833
0.001938 0.8947
0.001946 0.9049
0.001905 0.9142
0.001894 0.9225
0.001892 0.9301
0.001909 0.9369
0.001905 0.9430
0.001917 0.9486
0.001926 0.9536
0.001906 0.9581
0.001940 0.9622
0.001983 0.9658
0.001951 0.9692
0.001955 0.9722
0.001940 0.9749
0.001946 0.9773
0.001946 0.9795
0.004535 0.9815
0.004518 0.9833
0.004474 0.9849
0.004419 0.9864
0.004359 0.9877
0.004302 0.9889
0.004256 0.9900
model.6.m.0.cv2.conv
0.011128 0.0000
0.020660 0.4000
0.019140 0.4584
0.017751 0.5111
0.016356 0.5586
0.015357 0.6016
0.014090 0.6403
0.013087 0.6753
0.012075 0.7069
0.011202 0.7354
0.010540 0.7612
0.009806 0.7844
0.009304 0.8054
0.008620 0.8243
0.008079 0.8414
0.007422 0.8568
0.007016 0.8708
0.006671 0.8833
0.006298 0.8947
0.006031 0.9049
0.005649 0.9142
0.005490 0.9225
0.005296 0.9301
0.005162 0.9369
0.004958 0.9430
0.004798 0.9486
0.004740 0.9536
0.004581 0.9581
0.004478 0.9622
0.004370 0.9658
0.004326 0.9692
0.004250 0.9722
0.004218 0.9749
0.004192 0.9773
0.004114 0.9795
0.004057 0.9815
0.004053 0.9833
0.004064 0.9849
0.003986 0.9864
0.003968 0.9877
0.004018 0.9889
0.003894 0.9900
model.6.m.1.cv1.conv
0.005032 0.0000
0.003584 0.4000
0.003352 0.4584
0.003176 0.5111
0.002971 0.5586
0.002888 0.6016
0.002738 0.6403
0.002620 0.6753
0.002501 0.7069
0.002385 0.7354
0.002308 0.7612
0.002225 0.7844
0.002158 0.8054
0.002090 0.8243
0.002033 0.8414
0.001973 0.8568
0.001949 0.8708
0.001950 0.8833
0.001929 0.8947
0.001929 0.9049
0.001875 0.9142
0.001869 0.9225
0.001861 0.9301
0.001845 0.9369
0.001848 0.9430
0.001873 0.9486
0.001872 0.9536
0.001874 0.9581
0.001884 0.9622
0.001885 0.9658
0.001876 0.9692
0.001878 0.9722
0.001896 0.9749
0.001929 0.9773
0.001904 0.9795
0.003650 0.9815
0.003690 0.9833
0.003680 0.9849
0.003683 0.9864
0.003654 0.9877
0.003683 0.9889
0.003630 0.9900
model.6.m.1.cv2.conv
0.010880 0.0000
0.020618 0.4000
0.019164 0.4584
0.017728 0.5111
0.016262 0.5586
0.015313 0.6016
0.014131 0.6403
0.013144 0.6753
0.012156 0.7069
0.011165 0.7354
0.010544 0.7612
0.009768 0.7844
0.009269 0.8054
0.008650 0.8243
0.008090 0.8414
0.007423 0.8568
0.007002 0.8708
0.006603 0.8833
0.006328 0.8947
0.006069 0.9049
0.005699 0.9142
0.005473 0.9225
0.005281 0.9301
0.005147 0.9369
0.004953 0.9430
0.004799 0.9486
0.004736 0.9536
0.004566 0.9581
0.004503 0.9622
0.004389 0.9658
0.004326 0.9692
0.004299 0.9722
0.004206 0.9749
0.004197 0.9773
0.004169 0.9795
0.004117 0.9815
0.004134 0.9833
0.004091 0.9849
0.004034 0.9864
0.004023 0.9877
0.003995 0.9889
0.003936 0.9900
model.6.m.2.cv1.conv
0.005058 0.0000
0.003539 0.4000
0.003366 0.4584
0.003152 0.5111
0.003002 0.5586
0.002885 0.6016
0.002740 0.6403
0.002616 0.6753
0.002510 0.7069
0.002383 0.7354
0.002305 0.7612
0.002217 0.7844
0.002163 0.8054
0.002088 0.8243
0.002058 0.8414
0.001968 0.8568
0.001952 0.8708
0.001934 0.8833
0.001916 0.8947
0.001916 0.9049
0.001888 0.9142
0.001880 0.9225
0.001858 0.9301
0.001864 0.9369
0.001864 0.9430
0.001875 0.9486
0.001907 0.9536
0.001903 0.9581
0.001916 0.9622
0.001906 0.9658
0.001924 0.9692
0.001937 0.9722
0.001944 0.9749
0.001984 0.9773
0.001961 0.9795
0.003644 0.9815
0.003691 0.9833
0.003685 0.9849
0.003651 0.9864
0.003675 0.9877
0.003696 0.9889
0.003646 0.9900
model.6.m.2.cv2.conv
0.011169 0.0000
0.020684 0.4000
0.019084 0.4584
0.017798 0.5111
0.016338 0.5586
0.015360 0.6016
0.014159 0.6403
0.013166 0.6753
0.012183 0.7069
0.011142 0.7354
0.010534 0.7612
0.009786 0.7844
0.009251 0.8054
0.008618 0.8243
0.008034 0.8414
0.007439 0.8568
0.007010 0.8708
0.006666 0.8833
0.006358 0.8947
0.006047 0.9049
0.005700 0.9142
0.005517 0.9225
0.005325 0.9301
0.005203 0.9369
0.004998 0.9430
0.004844 0.9486
0.004806 0.9536
0.004635 0.9581
0.004580 0.9622
0.004474 0.9658
0.004399 0.9692
0.004342 0.9722
0.004255 0.9749
0.004241 0.9773
0.004195 0.9795
0.004148 0.9815
0.004118 0.9833
0.004094 0.9849
0.004048 0.9864
0.004020 0.9877
0.004012 0.9889
0.003950 0.9900
model.6.m.3.cv1.conv
0.005032 0.0000
0.003586 0.4000
0.003317 0.4584
0.003198 0.5111
0.003002 0.5586
0.002920 0.6016
0.002737 0.6403
0.002615 0.6753
0.002506 0.7069
0.002387 0.7354
0.002302 0.7612
0.002218 0.7844
0.002186 0.8054
0.002093 0.8243
0.002037 0.8414
0.001994 0.8568
0.001956 0.8708
0.001955 0.8833
0.001934 0.8947
0.001919 0.9049
0.001867 0.9142
0.001873 0.9225
0.001859 0.9301
0.001861 0.9369
0.001853 0.9430
0.001863 0.9486
0.001863 0.9536
0.001854 0.9581
0.001868 0.9622
0.001884 0.9658
0.001890 0.9692
0.001895 0.9722
0.001915 0.9749
0.001935 0.9773
0.001918 0.9795
0.003682 0.9815
0.003697 0.9833
0.003668 0.9849
0.003640 0.9864
0.003647 0.9877
0.003678 0.9889
0.003633 0.9900
model.6.m.3.cv2.conv
0.010862 0.0000
0.020644 0.4000
0.019151 0.4584
0.017727 0.5111
0.016270 0.5586
0.015302 0.6016
0.014082 0.6403
0.013124 0.6753
0.012105 0.7069
0.011123 0.7354
0.010464 0.7612
0.009817 0.7844
0.009256 0.8054
0.008644 0.8243
0.008078 0.8414
0.007435 0.8568
0.007016 0.8708
0.006683 0.8833
0.006344 0.8947
0.006103 0.9049
0.005735 0.9142
0.005583 0.9225
0.005371 0.9301
0.005209 0.9369
0.005036 0.9430
0.004872 0.9486
0.004837 0.9536
0.004670 0.9581
0.004609 0.9622
0.004513 0.9658
0.004417 0.9692
0.004323 0.9722
0.004278 0.9749
0.004247 0.9773
0.004204 0.9795
0.004127 0.9815
0.004110 0.9833
0.004072 0.9849
0.004027 0.9864
0.004011 0.9877
0.004002 0.9889
0.003943 0.9900
model.6.m.4.cv1.conv
0.005053 0.0000
0.003546 0.4000
0.003365 0.4584
0.003178 0.5111
0.003013 0.5586
0.002894 0.6016
0.002740 0.6403
0.002623 0.6753
0.002486 0.7069
0.002388 0.7354
0.002298 0.7612
0.002225 0.7844
0.002147 0.8054
0.002079 0.8243
0.002047 0.8414
0.001991 0.8568
0.001928 0.8708
0.001922 0.8833
0.001908 0.8947
0.001930 0.9049
0.001891 0.9142
0.001873 0.9225
0.001888 0.9301
0.001878 0.9369
0.001915 0.9430
0.001868 0.9486
0.001887 0.9536
0.001866 0.9581
0.001870 0.9622
0.001873 0.9658
0.001866 0.9692
0.001860 0.9722
0.001884 0.9749
0.001895 0.9773
0.001937 0.9795
0.003638 0.9815
0.003687 0.9833
0.003682 0.9849
0.003663 0.9864
0.003667 0.9877
0.003684 0.9889
0.003658 0.9900
model.6.m.4.cv2.conv
0.011218 0.0000
0.020585 0.4000
0.019154 0.4584
0.017653 0.5111
0.016257 0.5586
0.015315 0.6016
0.014052 0.6403
0.012988 0.6753
0.012074 0.7069
0.011136 0.7354
0.010519 0.7612
0.009797 0.7844
0.009256 0.8054
0.008643 0.8243
0.008009 0.8414
0.007406 0.8568
0.007019 0.8708
0.006613 0.8833
0.006248 0.8947
0.006024 0.9049
0.005679 0.9142
0.005437 0.9225
0.005286 0.9301
0.005148 0.9369
0.004979 0.9430
0.004842 0.9486
0.004768 0.9536
0.004623 0.9581
0.004542 0.9622
0.004457 0.9658
0.004404 0.9692
0.004349 0.9722
0.004281 0.9749
0.004265 0.9773
0.004192 0.9795
0.004139 0.9815
0.004140 0.9833
0.004079 0.9849
0.004013 0.9864
0.004020 0.9877
0.003988 0.9889
0.003927 0.9900
model.6.m.5.cv1.conv
0.005035 0.0000
0.003564 0.4000
0.003364 0.4584
0.003177 0.5111
0.003065 0.5586
0.002896 0.6016
0.002735 0.6403
0.002661 0.6753
0.002504 0.7069
0.002408 0.7354
0.002303 0.7612
0.002207 0.7844
0.002164 0.8054
0.002095 0.8243
0.002072 0.8414
0.001990 0.8568
0.001962 0.8708
0.001936 0.8833
0.001918 0.8947
0.001915 0.9049
0.001880 0.9142
0.001873 0.9225
0.001867 0.9301
0.001849 0.9369
0.001836 0.9430
0.001870 0.9486
0.001894 0.9536
0.001877 0.9581
0.001878 0.9622
0.001889 0.9658
0.001897 0.9692
0.001914 0.9722
0.001949 0.9749
0.001945 0.9773
0.001917 0.9795
0.003642 0.9815
0.003693 0.9833
0.003678 0.9849
0.003690 0.9864
0.003661 0.9877
0.003681 0.9889
0.003636 0.9900
model.6.m.5.cv2.conv
0.010880 0.0000
0.020676 0.4000
0.019114 0.4584
0.017629 0.5111
0.016189 0.5586
0.015491 0.6016
0.014149 0.6403
0.013179 0.6753
0.012086 0.7069
0.011144 0.7354
0.010527 0.7612
0.009768 0.7844
0.009280 0.8054
0.008621 0.8243
0.008094 0.8414
0.007423 0.8568
0.007056 0.8708
0.006676 0.8833
0.006370 0.8947
0.006116 0.9049
0.005779 0.9142
0.005594 0.9225
0.005383 0.9301
0.005254 0.9369
0.005049 0.9430
0.004908 0.9486
0.004848 0.9536
0.004676 0.9581
0.004620 0.9622
0.004490 0.9658
0.004378 0.9692
0.004337 0.9722
0.004280 0.9749
0.004262 0.9773
0.004181 0.9795
0.004134 0.9815
0.004123 0.9833
0.004082 0.9849
0.004031 0.9864
0.004016 0.9877
0.004027 0.9889
0.003923 0.9900
model.6.cv3.conv
0.017860 0.0000
0.015830 0.4000
0.014778 0.4584
0.013961 0.5111
0.013212 0.5586
0.012534 0.6016
0.011909 0.6403
0.011449 0.6753
0.010872 0.7069
0.010427 0.7354
0.010049 0.7612
0.009650 0.7844
0.009372 0.8054
0.009065 0.8243
0.008835 0.8414
0.008702 0.8568
0.008497 0.8708
0.008311 0.8833
0.008087 0.8947
0.008054 0.9049
0.007901 0.9142
0.007811 0.9225
0.007739 0.9301
0.007641 0.9369
0.007558 0.9430
0.007568 0.9486
0.007500 0.9536
0.007503 0.9581
0.007428 0.9622
0.007413 0.9658
0.007382 0.9692
0.007398 0.9722
0.007311 0.9749
0.007367 0.9773
0.007237 0.9795
0.007235 0.9815
0.007212 0.9833
0.007151 0.9849
0.007126 0.9864
0.007112 0.9877
0.007035 0.9889
0.008924 0.9900
model.7.conv
0.084886 0.0000
0.067310 0.4000
0.062002 0.4584
0.056876 0.5111
0.052532 0.5586
0.045037 0.6016
0.041411 0.6403
0.037716 0.6753
0.034877 0.7069
0.032360 0.7354
0.029925 0.7612
0.028017 0.7844
0.026332 0.8054
0.024541 0.8243
0.022884 0.8414
0.021478 0.8568
0.020370 0.8708
0.019319 0.8833
0.018324 0.8947
0.017620 0.9049
0.016712 0.9142
0.016171 0.9225
0.015435 0.9301
0.014876 0.9369
0.014277 0.9430
0.013763 0.9486
0.013488 0.9536
0.012960 0.9581
0.012508 0.9622
0.012120 0.9658
0.011728 0.9692
0.011300 0.9722
0.010885 0.9749
0.010467 0.9773
0.010099 0.9795
0.009617 0.9815
0.009361 0.9833
0.008793 0.9849
0.008504 0.9864
0.008310 0.9877
0.007988 0.9889
0.007728 0.9900
model.8.cv2.conv
0.008477 0.0000
0.006810 0.4000
0.006374 0.4584
0.005798 0.5111
0.005285 0.5586
0.005014 0.6016
0.004637 0.6403
0.004228 0.6753
0.003844 0.7069
0.003497 0.7354
0.003187 0.7612
0.002919 0.7844
0.002710 0.8054
0.002515 0.8243
0.002393 0.8414
0.002273 0.8568
0.002146 0.8708
0.002084 0.8833
0.002025 0.8947
0.001978 0.9049
0.001927 0.9142
0.001878 0.9225
0.001859 0.9301
0.001846 0.9369
0.001827 0.9430
0.001753 0.9486
0.001761 0.9536
0.001732 0.9581
0.001829 0.9622
0.001829 0.9658
0.001813 0.9692
0.001812 0.9722
0.001820 0.9749
0.001792 0.9773
0.001785 0.9795
0.001787 0.9815
0.001787 0.9833
0.001790 0.9849
0.001787 0.9864
0.001765 0.9877
0.001750 0.9889
0.001644 0.9900
model.8.cv1.conv
0.008164 0.0000
0.001232 0.4000
0.003153 0.4584
0.002924 0.5111
0.002734 0.5586
0.002555 0.6016
0.002481 0.6403
0.002355 0.6753
0.002215 0.7069
0.002096 0.7354
0.001993 0.7612
0.001887 0.7844
0.001791 0.8054
0.001725 0.8243
0.001667 0.8414
0.001617 0.8568
0.001569 0.8708
0.001548 0.8833
0.001514 0.8947
0.001493 0.9049
0.001478 0.9142
0.001470 0.9225
0.001425 0.9301
0.001407 0.9369
0.001400 0.9430
0.001398 0.9486
0.001395 0.9536
0.001400 0.9581
0.001401 0.9622
0.001407 0.9658
0.001406 0.9692
0.001402 0.9722
0.001400 0.9749
0.001395 0.9773
0.001383 0.9795
0.001378 0.9815
0.001392 0.9833
0.001403 0.9849
0.001397 0.9864
0.001389 0.9877
0.001374 0.9889
0.001379 0.9900
model.8.m.0.cv1.conv
0.003878 0.0000
0.003442 0.4000
0.003074 0.4584
0.002696 0.5111
0.002435 0.5586
0.002343 0.6016
0.002139 0.6403
0.002017 0.6753
0.001864 0.7069
0.001750 0.7354
0.001682 0.7612
0.001620 0.7844
0.001547 0.8054
0.001515 0.8243
0.001465 0.8414
0.001418 0.8568
0.001397 0.8708
0.001377 0.8833
0.001369 0.8947
0.001359 0.9049
0.001317 0.9142
0.001234 0.9225
0.001233 0.9301
0.001233 0.9369
0.001214 0.9430
0.001231 0.9486
0.001249 0.9536
0.001226 0.9581
0.001278 0.9622
0.001287 0.9658
0.001273 0.9692
0.001275 0.9722
0.001182 0.9749
0.001211 0.9773
0.001172 0.9795
0.001270 0.9815
0.001273 0.9833
0.001258 0.9849
0.001254 0.9864
0.001162 0.9877
0.001163 0.9889
0.002591 0.9900
model.8.m.0.cv2.conv
0.013663 0.0000
0.024301 0.0000
0.022431 0.4000
0.020256 0.4584
0.018604 0.5111
0.017012 0.5586
0.015173 0.6016
0.013924 0.6403
0.012593 0.6753
0.012020 0.7069
0.010817 0.7354
0.009998 0.7612
0.009697 0.7844
0.008949 0.8054
0.008412 0.8243
0.007900 0.8414
0.007630 0.8568
0.007019 0.8708
0.006642 0.8833
0.006362 0.8947
0.006070 0.9049
0.005771 0.9142
0.005503 0.9225
0.005339 0.9301
0.005171 0.9369
0.005061 0.9430
0.004922 0.9486
0.004715 0.9536
0.004551 0.9581
0.004452 0.9622
0.004351 0.9658
0.004195 0.9692
0.003991 0.9722
0.003909 0.9749
0.003770 0.9773
0.003728 0.9795
0.003591 0.9815
0.003457 0.9833
0.003378 0.9849
0.003243 0.9864
0.003102 0.9877
0.003005 0.9889
model.8.m.1.cv1.conv
0.003850 0.0000
0.003444 0.4000
0.003125 0.4584
0.002729 0.5111
0.002450 0.5586
0.002338 0.6016
0.002207 0.6403
0.002028 0.6753
0.001866 0.7069
0.001766 0.7354
0.001693 0.7612
0.001611 0.7844
0.001552 0.8054
0.001488 0.8243
0.001460 0.8414
0.001423 0.8568
0.001382 0.8708
0.001374 0.8833
0.001345 0.8947
0.001336 0.9049
0.001306 0.9142
0.001232 0.9225
0.001213 0.9301
0.001206 0.9369
0.001189 0.9430
0.001200 0.9486
0.001196 0.9536
0.001184 0.9581
0.001244 0.9622
0.001250 0.9658
0.001244 0.9692
0.001247 0.9722
0.001247 0.9749
0.001249 0.9773
0.001228 0.9795
0.001173 0.9815
0.001178 0.9833
0.001178 0.9849
0.001168 0.9864
0.001237 0.9877
0.001227 0.9889
0.002131 0.9900
model.8.m.1.cv2.conv
0.013659 0.0000
0.024393 0.4000
0.022625 0.4584
0.020347 0.5111
0.018810 0.5586
0.017088 0.6016
0.015370 0.6403
0.014103 0.6753
0.012476 0.7069
0.011858 0.7354
0.010697 0.7612
0.009883 0.7844
0.009773 0.8054
0.008872 0.8243
0.008405 0.8414
0.007813 0.8568
0.007372 0.8708
0.006941 0.8833
0.006603 0.8947
0.006293 0.9049
0.005993 0.9142
0.005719 0.9225
0.005447 0.9301
0.005282 0.9369
0.005131 0.9430
0.004959 0.9486
0.004864 0.9536
0.004637 0.9581
0.004545 0.9622
0.004434 0.9658
0.004301 0.9692
0.004176 0.9722
0.004045 0.9749
0.003968 0.9773
0.003823 0.9795
0.003637 0.9815
0.003576 0.9833
0.003410 0.9849
0.003304 0.9864
0.003253 0.9877
0.003156 0.9889
0.002987 0.9900
model.8.cv3.conv
0.015253 0.0000
0.013678 0.4000
0.012464 0.4584
0.011381 0.5111
0.010380 0.5586
0.009530 0.6016
0.008844 0.6403
0.008162 0.6753
0.007506 0.7069
0.006930 0.7354
0.006449 0.7612
0.006013 0.7844
0.005601 0.8054
0.005243 0.8243
0.004796 0.8414
0.004414 0.8568
0.004093 0.8708
0.003810 0.8833
0.003623 0.8947
0.003536 0.9049
0.003300 0.9142
0.003150 0.9225
0.003039 0.9301
0.002933 0.9369
0.002863 0.9430
0.002789 0.9486
0.002795 0.9536
0.002694 0.9581
0.002822 0.9622
0.002799 0.9658
0.002775 0.9692
0.002759 0.9722
0.002690 0.9749
0.002694 0.9773
0.002668 0.9795
0.002744 0.9815
0.002744 0.9833
0.002713 0.9849
0.002719 0.9864
0.002660 0.9877
0.002648 0.9889
0.002549 0.9900
model.9.cv1.conv
0.008175 0.0000
0.007368 0.4000
0.006837 0.4584
0.006313 0.5111
0.005876 0.5586
0.005465 0.6016
0.005146 0.6403
0.004816 0.6753
0.004489 0.7069
0.004257 0.7354
0.003974 0.7612
0.003752 0.7844
0.003595 0.8054
0.003420 0.8243
0.003296 0.8414
0.003180 0.8568
0.003063 0.8708
0.002926 0.8833
0.002848 0.8947
0.002773 0.9049
0.002704 0.9142
0.002536 0.9225
0.002489 0.9301
0.002431 0.9369
0.002390 0.9430
0.002350 0.9486
0.002378 0.9536
0.002310 0.9581
0.002460 0.9622
0.002428 0.9658
0.002396 0.9692
0.002392 0.9722
0.002379 0.9749
0.002338 0.9773
0.002338 0.9795
0.002317 0.9815
0.002291 0.9833
0.002331 0.9849
0.002318 0.9864
0.002274 0.9877
0.002256 0.9889
0.002186 0.9900
model.9.cv2.conv
0.038517 0.0000
0.029368 0.4000
0.025215 0.4584
0.023248 0.5111
0.020475 0.5586
0.018892 0.6016
0.017450 0.6403
0.015962 0.6753
0.014781 0.7069
0.013487 0.7354
0.012288 0.7612
0.011390 0.7844
0.010585 0.8054
0.009728 0.8243
0.009055 0.8414
0.008386 0.8568
0.007908 0.8708
0.007401 0.8833
0.006986 0.8947
0.006637 0.9049
0.006278 0.9142
0.006009 0.9225
0.005727 0.9301
0.005436 0.9369
0.005202 0.9430
0.004958 0.9486
0.004797 0.9536
0.004641 0.9581
0.004472 0.9622
0.004385 0.9658
0.004223 0.9692
0.004187 0.9722
0.004078 0.9749
0.004071 0.9773
0.004031 0.9795
0.004146 0.9815
0.004111 0.9833
0.004093 0.9849
0.004063 0.9864
0.003898 0.9877
0.003864 0.9889
0.003829 0.9900
model.10.conv
0.008218 0.0000
0.007429 0.4000
0.006890 0.4584
0.006402 0.5111
0.005981 0.5586
0.005579 0.6016
0.005226 0.6403
0.004925 0.6753
0.004612 0.7069
0.004335 0.7354
0.004112 0.7612
0.003869 0.7844
0.003661 0.8054
0.003500 0.8243
0.003364 0.8414
0.003219 0.8568
0.003122 0.8708
0.003030 0.8833
0.002871 0.8947
0.002799 0.9049
0.002714 0.9142
0.002673 0.9225
0.002606 0.9301
0.002544 0.9369
0.002500 0.9430
0.002499 0.9486
0.002486 0.9536
0.002461 0.9581
0.002351 0.9622
0.002361 0.9658
0.002352 0.9692
0.002332 0.9722
0.002333 0.9749
0.002303 0.9773
0.002279 0.9795
0.002378 0.9815
0.002366 0.9833
0.002326 0.9849
0.002337 0.9864
0.002274 0.9877
0.002252 0.9889
0.002243 0.9900
model.13.cv2.conv
0.020197 0.0000
0.013645 0.4000
0.012088 0.4584
0.010749 0.5111
0.009664 0.5586
0.009204 0.6016
0.008529 0.6403
0.007904 0.6753
0.007427 0.7069
0.006973 0.7354
0.006584 0.7612
0.006299 0.7844
0.006018 0.8054
0.005804 0.8243
0.005683 0.8414
0.005414 0.8568
0.005363 0.8708
0.005305 0.8833
0.005261 0.8947
0.005246 0.9049
0.005178 0.9142
0.005230 0.9225
0.005237 0.9301
0.005207 0.9369
0.005219 0.9430
0.005225 0.9486
0.005240 0.9536
0.005235 0.9581
0.005172 0.9622
0.005176 0.9658
0.005159 0.9692
0.005168 0.9722
0.005219 0.9749
0.005222 0.9773
0.005225 0.9795
0.005231 0.9815
0.005254 0.9833
0.005192 0.9849
0.005126 0.9864
0.005060 0.9877
0.005018 0.9889
0.008365 0.9900
model.13.cv1.conv
0.020095 0.0000
0.013337 0.4000
0.011860 0.4584
0.010541 0.5111
0.009573 0.5586
0.009081 0.6016
0.008360 0.6403
0.007828 0.6753
0.007312 0.7069
0.006853 0.7354
0.006487 0.7612
0.006167 0.7844
0.005897 0.8054
0.005663 0.8243
0.005488 0.8414
0.005319 0.8568
0.005203 0.8708
0.005125 0.8833
0.005064 0.8947
0.005025 0.9049
0.004977 0.9142
0.004978 0.9225
0.004974 0.9301
0.004946 0.9369
0.004951 0.9430
0.004949 0.9486
0.005010 0.9536
0.005034 0.9581
0.004992 0.9622
0.005025 0.9658
0.005038 0.9692
0.005049 0.9722
0.005054 0.9749
0.005039 0.9773
0.005019 0.9795
0.006138 0.9815
0.005966 0.9833
0.005916 0.9849
0.005773 0.9864
0.005680 0.9877
0.005569 0.9889
0.005399 0.9900
model.13.m.0.cv1.conv
0.005189 0.0000
0.003579 0.4000
0.003400 0.4584
0.003177 0.5111
0.003030 0.5586
0.002922 0.6016
0.002763 0.6403
0.002623 0.6753
0.002507 0.7069
0.002388 0.7354
0.002340 0.7612
0.002260 0.7844
0.002194 0.8054
0.002116 0.8243
0.002050 0.8414
0.001988 0.8568
0.001948 0.8708
0.001939 0.8833
0.001912 0.8947
0.001892 0.9049
0.001852 0.9142
0.001838 0.9225
0.001851 0.9301
0.001836 0.9369
0.001833 0.9430
0.001840 0.9486
0.001907 0.9536
0.001847 0.9581
0.001878 0.9622
0.001885 0.9658
0.001880 0.9692
0.001890 0.9722
0.001900 0.9749
0.001890 0.9773
0.001884 0.9795
0.006138 0.9815
0.005966 0.9833
0.005916 0.9849
0.005773 0.9864
0.005680 0.9877
0.005569 0.9889
0.005399 0.9900
model.13.m.0.cv2.conv
0.010984 0.0000
0.020790 0.4000
0.019234 0.4584
0.017928 0.5111
0.016354 0.5586
0.015568 0.6016
0.014273 0.6403
0.013210 0.6753
0.012144 0.7069
0.011278 0.7354
0.010649 0.7612
0.009921 0.7844
0.009399 0.8054
0.008732 0.8243
0.008215 0.8414
0.007564 0.8568
0.007147 0.8708
0.006746 0.8833
0.006436 0.8947
0.006191 0.9049
0.005791 0.9142
0.005679 0.9225
0.005472 0.9301
0.005294 0.9369
0.005097 0.9430
0.004940 0.9486
0.004872 0.9536
0.004712 0.9581
0.004622 0.9622
0.004485 0.9658
0.004442 0.9692
0.004379 0.9722
0.004280 0.9749
0.004230 0.9773
0.004186 0.9795
0.004163 0.9815
0.004140 0.9833
0.004133 0.9849
0.004055 0.9864
0.004046 0.9877
0.004012 0.9889
0.003923 0.9900
model.13.m.1.cv1.conv
0.005165 0.0000
0.003569 0.4000
0.003361 0.4584
0.003165 0.5111
0.003011 0.5586
0.002906 0.6016
0.002795 0.6403
0.002613 0.6753
0.002509 0.7069
0.002390 0.7354
0.002273 0.7612
0.002192 0.7844
0.002138 0.8054
0.002079 0.8243
0.002023 0.8414
0.001942 0.8568
0.001923 0.8708
0.001910 0.8833
0.001899 0.8947
0.001866 0.9049
0.001866 0.9142
0.001902 0.9225
0.001882 0.9301
0.001878 0.9369
0.001869 0.9430
0.001813 0.9486
0.001847 0.9536
0.001836 0.9581
0.001846 0.9622
0.001838 0.9658
0.001867 0.9692
0.001863 0.9722
0.001894 0.9749
0.001885 0.9773
0.001865 0.9795
0.001915 0.9815
0.001944 0.9833
0.001938 0.9849
0.001897 0.9864
0.001914 0.9877
0.001931 0.9889
0.001884 0.9900
model.13.m.1.cv2.conv
0.010928 0.0000
0.020705 0.4000
0.019178 0.4584
0.017766 0.5111
0.016336 0.5586
0.015377 0.6016
0.014216 0.6403
0.013200 0.6753
0.012264 0.7069
0.011172 0.7354
0.010611 0.7612
0.009817 0.7844
0.009410 0.8054
0.008707 0.8243
0.008185 0.8414
0.007552 0.8568
0.007105 0.8708
0.006719 0.8833
0.006408 0.8947
0.006124 0.9049
0.005716 0.9142
0.005527 0.9225
0.005356 0.9301
0.005178 0.9369
0.005012 0.9430
0.004885 0.9486
0.004818 0.9536
0.004674 0.9581
0.004637 0.9622
0.004531 0.9658
0.004495 0.9692
0.004434 0.9722
0.004375 0.9749
0.004338 0.9773
0.004267 0.9795
0.004191 0.9815
0.004130 0.9833
0.004144 0.9849
0.004088 0.9864
0.004091 0.9877
0.004063 0.9889
0.004008 0.9900
model.13.cv3.conv
0.018245 0.0000
0.013712 0.4000
0.012081 0.4584
0.010711 0.5111
0.009663 0.5586
0.009255 0.6016
0.008620 0.6403
0.007981 0.6753
0.007701 0.7069
0.006981 0.7354
0.006601 0.7612
0.006400 0.7844
0.006123 0.8054
0.005917 0.8243
0.005729 0.8414
0.005595 0.8568
0.005521 0.8708
0.005447 0.8833
0.005377 0.8947
0.005365 0.9049
0.005283 0.9142
0.005282 0.9225
0.005281 0.9301
0.005216 0.9369
0.005198 0.9430
0.005205 0.9486
0.005256 0.9536
0.005194 0.9581
0.005174 0.9622
0.005152 0.9658
0.005144 0.9692
0.005183 0.9722
0.005123 0.9749
0.005152 0.9773
0.005075 0.9795
0.005106 0.9815
0.005188 0.9833
0.005159 0.9849
0.005120 0.9864
0.006362 0.9877
0.006257 0.9889
0.008365 0.9900
model.14.conv
0.009738 0.0000
0.008559 0.4000
0.008073 0.4584
0.007600 0.5111
0.007219 0.5586
0.006892 0.6016
0.006624 0.6403
0.006351 0.6753
0.006092 0.7069
0.005823 0.7354
0.005620 0.7612
0.005467 0.7844
0.005334 0.8054
0.005217 0.8243
0.005140 0.8414
0.005051 0.8568
0.004972 0.8708
0.004896 0.8833
0.004827 0.8947
0.004803 0.9049
0.004773 0.9142
0.004714 0.9225
0.004714 0.9301
0.004695 0.9369
0.004695 0.9430
0.004706 0.9486
0.004681 0.9536
0.004696 0.9581
0.004680 0.9622
0.004684 0.9658
0.004681 0.9692
0.004666 0.9722
0.004662 0.9749
0.004662 0.9773
0.004612 0.9795
0.004585 0.9815
0.004547 0.9833
0.004471 0.9849
0.004421 0.9864
0.006362 0.9877
0.006257 0.9889
0.008365 0.9900
model.17.cv2.conv
0.018188 0.0000
0.013897 0.4000
0.013351 0.4584
0.012473 0.5111
0.012098 0.5586
0.011853 0.6016
0.011488 0.6403
0.011258 0.6753
0.011113 0.7069
0.010973 0.7354
0.010814 0.7612
0.010784 0.7844
0.010698 0.8054
0.010556 0.8243
0.010551 0.8414
0.010516 0.8568
0.010434 0.8708
0.010460 0.8833
0.010522 0.8947
0.010470 0.9049
0.010384 0.9142
0.010311 0.9225
0.010314 0.9301
0.010224 0.9369
0.010207 0.9430
0.010182 0.9486
0.010152 0.9536
0.010055 0.9581
0.009952 0.9622
0.009851 0.9658
0.009806 0.9692
0.009697 0.9722
0.009607 0.9749
0.009395 0.9773
0.009294 0.9795
0.013031 0.9815
0.013511 0.9833
0.012281 0.9849
0.012134 0.9864
0.012026 0.9877
0.011833 0.9889
0.011735 0.9900
model.17.cv1.conv
0.022311 0.0000
0.013818 0.4000
0.012818 0.4584
0.012177 0.5111
0.011627 0.5586
0.011402 0.6016
0.011039 0.6403
0.010856 0.6753
0.010619 0.7069
0.010423 0.7354
0.010256 0.7612
0.010154 0.7844
0.010091 0.8054
0.010037 0.8243
0.009937 0.8414
0.009907 0.8568
0.009856 0.8708
0.009775 0.8833
0.009745 0.8947
0.009750 0.9049
0.009761 0.9142
0.009701 0.9225
0.009710 0.9301
0.009714 0.9369
0.009664 0.9430
0.009694 0.9486
0.009803 0.9536
0.009754 0.9581
0.014106 0.9622
0.014014 0.9658
0.013518 0.9692
0.013138 0.9722
0.012906 0.9749
0.012421 0.9773
0.012193 0.9795
0.011581 0.9815
0.011553 0.9833
0.010879 0.9849
0.010502 0.9864
0.010214 0.9877
0.009849 0.9889
0.009425 0.9900
model.17.m.0.cv1.conv
0.009031 0.0000
0.004707 0.4000
0.004529 0.4584
0.004260 0.5111
0.004204 0.5586
0.004084 0.6016
0.004064 0.6403
0.003982 0.6753
0.003880 0.7069
0.003809 0.7354
0.003790 0.7612
0.003819 0.7844
0.003714 0.8054
0.003765 0.8243
0.003682 0.8414
0.003674 0.8568
0.003661 0.8708
0.003670 0.8833
0.003661 0.8947
0.003682 0.9049
0.003654 0.9142
0.003667 0.9225
0.003693 0.9301
0.003720 0.9369
0.003730 0.9430
0.003819 0.9486
0.003829 0.9536
0.003852 0.9581
0.014106 0.9622
0.014014 0.9658
0.013518 0.9692
0.013138 0.9722
0.012906 0.9749
0.012421 0.9773
0.012193 0.9795
0.011581 0.9815
0.011553 0.9833
0.010879 0.9849
0.010502 0.9864
0.010214 0.9877
0.009849 0.9889
0.009425 0.9900
model.17.m.0.cv2.conv
0.011443 0.0000
0.022941 0.4000
0.021425 0.4584
0.019954 0.5111
0.018516 0.5586
0.015565 0.6016
0.014522 0.6403
0.013580 0.6753
0.012784 0.7069
0.011935 0.7354
0.011379 0.7612
0.010718 0.7844
0.010227 0.8054
0.009845 0.8243
0.009458 0.8414
0.009041 0.8568
0.008713 0.8708
0.008538 0.8833
0.008336 0.8947
0.008244 0.9049
0.008024 0.9142
0.007989 0.9225
0.007944 0.9301
0.007884 0.9369
0.007803 0.9430
0.007705 0.9486
0.007679 0.9536
0.007573 0.9581
0.007630 0.9622
0.007591 0.9658
0.007539 0.9692
0.007517 0.9722
0.007433 0.9749
0.007433 0.9773
0.007371 0.9795
0.007269 0.9815
0.007311 0.9833
0.007263 0.9849
0.007225 0.9864
0.007302 0.9877
0.007216 0.9889
0.007138 0.9900
model.17.m.1.cv1.conv
0.009194 0.0000
0.004691 0.4000
0.004502 0.4584
0.004406 0.5111
0.004249 0.5586
0.004115 0.6016
0.003987 0.6403
0.004007 0.6753
0.003874 0.7069
0.003833 0.7354
0.003769 0.7612
0.003687 0.7844
0.003756 0.8054
0.003687 0.8243
0.003603 0.8414
0.003596 0.8568
0.003723 0.8708
0.003630 0.8833
0.003632 0.8947
0.003721 0.9049
0.003625 0.9142
0.003677 0.9225
0.003708 0.9301
0.003719 0.9369
0.003695 0.9430
0.003750 0.9486
0.003769 0.9536
0.003747 0.9581
0.004063 0.9622
0.004019 0.9658
0.003979 0.9692
0.004077 0.9722
0.003928 0.9749
0.003955 0.9773
0.003920 0.9795
0.003849 0.9815
0.003928 0.9833
0.003887 0.9849
0.003831 0.9864
0.003891 0.9877
0.003940 0.9889
0.003798 0.9900
model.17.m.1.cv2.conv
0.011264 0.0000
0.023013 0.4000
0.021464 0.4584
0.020197 0.5111
0.018764 0.5586
0.015677 0.6016
0.014755 0.6403
0.013816 0.6753
0.012958 0.7069
0.012233 0.7354
0.011466 0.7612
0.010898 0.7844
0.010385 0.8054
0.009936 0.8243
0.009511 0.8414
0.009003 0.8568
0.008735 0.8708
0.008497 0.8833
0.008265 0.8947
0.008167 0.9049
0.007952 0.9142
0.007875 0.9225
0.007779 0.9301
0.007723 0.9369
0.007668 0.9430
0.007619 0.9486
0.007631 0.9536
0.007560 0.9581
0.007549 0.9622
0.007497 0.9658
0.007516 0.9692
0.007507 0.9722
0.007460 0.9749
0.007497 0.9773
0.007432 0.9795
0.007431 0.9815
0.007419 0.9833
0.007333 0.9849
0.007289 0.9864
0.007311 0.9877
0.007228 0.9889
0.007178 0.9900
model.17.cv3.conv
0.020543 0.0000
0.014343 0.4000
0.013482 0.4584
0.012769 0.5111
0.012217 0.5586
0.011778 0.6016
0.011156 0.6403
0.010550 0.6753
0.010150 0.7069
0.009688 0.7354
0.009308 0.7612
0.009025 0.7844
0.008765 0.8054
0.008490 0.8243
0.008333 0.8414
0.007950 0.8568
0.007907 0.8708
0.007859 0.8833
0.007755 0.8947
0.007824 0.9049
0.007591 0.9142
0.007549 0.9225
0.007628 0.9301
0.007530 0.9369
0.007535 0.9430
0.007549 0.9486
0.007792 0.9536
0.007682 0.9581
0.007770 0.9622
0.007753 0.9658
0.007866 0.9692
0.007671 0.9722
0.007581 0.9749
0.007589 0.9773
0.007589 0.9795
0.013031 0.9815
0.013511 0.9833
0.012281 0.9849
0.012134 0.9864
0.012026 0.9877
0.011833 0.9889
0.011735 0.9900
model.24.m.0
0.060867 0.0000
0.044719 0.4000
0.043595 0.4584
0.042381 0.5111
0.041451 0.5586
0.040645 0.6016
0.039977 0.6403
0.039325 0.6753
0.038686 0.7069
0.038060 0.7354
0.037513 0.7612
0.037077 0.7844
0.036731 0.8054
0.036430 0.8243
0.036030 0.8414
0.035780 0.8568
0.035537 0.8708
0.035445 0.8833
0.035558 0.8947
0.035076 0.9049
0.034925 0.9142
0.034773 0.9225
0.034688 0.9301
0.034668 0.9369
0.034577 0.9430
0.034353 0.9486
0.034455 0.9536
0.034625 0.9581
0.034085 0.9622
0.034204 0.9658
0.034116 0.9692
0.034031 0.9722
0.033864 0.9749
0.033941 0.9773
0.033908 0.9795
0.033822 0.9815
0.034027 0.9833
0.033675 0.9849
0.033657 0.9864
0.033494 0.9877
0.033525 0.9889
0.033404 0.9900
model.18.conv
0.036447 0.0000
0.024984 0.4000
0.023431 0.4584
0.021786 0.5111
0.020354 0.5586
0.019193 0.6016
0.017802 0.6403
0.016777 0.6753
0.015589 0.7069
0.014493 0.7354
0.013713 0.7612
0.012989 0.7844
0.012101 0.8054
0.011527 0.8243
0.010671 0.8414
0.010052 0.8568
0.009657 0.8708
0.009398 0.8833
0.008976 0.8947
0.008720 0.9049
0.008438 0.9142
0.008418 0.9225
0.008342 0.9301
0.008293 0.9369
0.008181 0.9430
0.007947 0.9486
0.007954 0.9536
0.007886 0.9581
0.007914 0.9622
0.007917 0.9658
0.007890 0.9692
0.007836 0.9722
0.007763 0.9749
0.007770 0.9773
0.007724 0.9795
0.007821 0.9815
0.007781 0.9833
0.007684 0.9849
0.007616 0.9864
0.007547 0.9877
0.007506 0.9889
0.007341 0.9900
model.20.cv2.conv
0.009521 0.0000
0.006442 0.4000
0.005927 0.4584
0.005513 0.5111
0.005118 0.5586
0.004998 0.6016
0.004654 0.6403
0.004429 0.6753
0.004222 0.7069
0.004083 0.7354
0.003924 0.7612
0.003846 0.7844
0.003790 0.8054
0.003718 0.8243
0.003654 0.8414
0.003628 0.8568
0.003567 0.8708
0.003515 0.8833
0.003472 0.8947
0.003475 0.9049
0.003451 0.9142
0.003548 0.9225
0.003533 0.9301
0.003533 0.9369
0.003541 0.9430
0.003550 0.9486
0.003559 0.9536
0.003531 0.9581
0.003541 0.9622
0.003577 0.9658
0.003524 0.9692
0.003541 0.9722
0.003521 0.9749
0.003527 0.9773
0.003512 0.9795
0.003484 0.9815
0.003490 0.9833
0.003444 0.9849
0.003433 0.9864
0.004684 0.9877
0.004658 0.9889
0.006675 0.9900
model.20.cv1.conv
0.009485 0.0000
0.006358 0.4000
0.005895 0.4584
0.005491 0.5111
0.005077 0.5586
0.004887 0.6016
0.004624 0.6403
0.004402 0.6753
0.004139 0.7069
0.003963 0.7354
0.003800 0.7612
0.003696 0.7844
0.003629 0.8054
0.003588 0.8243
0.003538 0.8414
0.003477 0.8568
0.003428 0.8708
0.003394 0.8833
0.003380 0.8947
0.003385 0.9049
0.003351 0.9142
0.003363 0.9225
0.003346 0.9301
0.003337 0.9369
0.003342 0.9430
0.003300 0.9486
0.003317 0.9536
0.003313 0.9581
0.003313 0.9622
0.003301 0.9658
0.003317 0.9692
0.003326 0.9722
0.003326 0.9749
0.003335 0.9773
0.003260 0.9795
0.003476 0.9815
0.003469 0.9833
0.003406 0.9849
0.003365 0.9864
0.003358 0.9877
0.003302 0.9889
0.003172 0.9900
model.20.m.0.cv1.conv
0.005179 0.0000
0.003585 0.4000
0.003383 0.4584
0.003183 0.5111
0.003066 0.5586
0.002931 0.6016
0.002777 0.6403
0.002661 0.6753
0.002538 0.7069
0.002432 0.7354
0.002319 0.7612
0.002295 0.7844
0.002195 0.8054
0.002124 0.8243
0.002063 0.8414
0.002052 0.8568
0.001981 0.8708
0.001968 0.8833
0.001938 0.8947
0.001927 0.9049
0.001900 0.9142
0.001887 0.9225
0.001870 0.9301
0.001879 0.9369
0.001874 0.9430
0.001862 0.9486
0.001878 0.9536
0.001888 0.9581
0.001881 0.9622
0.001902 0.9658
0.001911 0.9692
0.001904 0.9722
0.001911 0.9749
0.001909 0.9773
0.001908 0.9795
0.003476 0.9815
0.003469 0.9833
0.003406 0.9849
0.003365 0.9864
0.003358 0.9877
0.003302 0.9889
0.003172 0.9900
model.20.m.0.cv2.conv
0.010908 0.0000
0.020698 0.4000
0.019124 0.4584
0.017666 0.5111
0.016263 0.5586
0.015398 0.6016
0.014107 0.6403
0.013090 0.6753
0.012067 0.7069
0.011083 0.7354
0.010487 0.7612
0.009743 0.7844
0.009231 0.8054
0.008528 0.8243
0.008034 0.8414
0.007392 0.8568
0.006964 0.8708
0.006589 0.8833
0.006275 0.8947
0.005990 0.9049
0.005581 0.9142
0.005432 0.9225
0.005239 0.9301
0.005113 0.9369
0.004936 0.9430
0.004825 0.9486
0.004762 0.9536
0.004625 0.9581
0.004543 0.9622
0.004467 0.9658
0.004372 0.9692
0.004337 0.9722
0.004294 0.9749
0.004269 0.9773
0.004206 0.9795
0.004141 0.9815
0.004095 0.9833
0.004085 0.9849
0.004035 0.9864
0.004016 0.9877
0.003977 0.9889
0.003947 0.9900
model.20.m.1.cv1.conv
0.005225 0.0000
0.003596 0.4000
0.003354 0.4584
0.003148 0.5111
0.002983 0.5586
0.002895 0.6016
0.002745 0.6403
0.002630 0.6753
0.002497 0.7069
0.002366 0.7354
0.002259 0.7612
0.002197 0.7844
0.002140 0.8054
0.002073 0.8243
0.002023 0.8414
0.001965 0.8568
0.001945 0.8708
0.001933 0.8833
0.001879 0.8947
0.001880 0.9049
0.001847 0.9142
0.001889 0.9225
0.001905 0.9301
0.001886 0.9369
0.001893 0.9430
0.001845 0.9486
0.001856 0.9536
0.001859 0.9581
0.001850 0.9622
0.001858 0.9658
0.001874 0.9692
0.001873 0.9722
0.001956 0.9749
0.001938 0.9773
0.001924 0.9795
0.002029 0.9815
0.002028 0.9833
0.001992 0.9849
0.001974 0.9864
0.001916 0.9877
0.001939 0.9889
0.001970 0.9900
model.20.m.1.cv2.conv
0.011204 0.0000
0.020748 0.4000
0.019212 0.4584
0.018003 0.5111
0.016403 0.5586
0.015605 0.6016
0.014232 0.6403
0.013289 0.6753
0.012296 0.7069
0.011239 0.7354
0.010584 0.7612
0.009894 0.7844
0.009429 0.8054
0.008783 0.8243
0.008168 0.8414
0.007570 0.8568
0.007093 0.8708
0.006696 0.8833
0.006377 0.8947
0.006079 0.9049
0.005714 0.9142
0.005537 0.9225
0.005373 0.9301
0.005252 0.9369
0.005109 0.9430
0.004961 0.9486
0.004944 0.9536
0.004784 0.9581
0.004744 0.9622
0.004607 0.9658
0.004549 0.9692
0.004485 0.9722
0.004335 0.9749
0.004296 0.9773
0.004228 0.9795
0.004179 0.9815
0.004152 0.9833
0.004131 0.9849
0.004062 0.9864
0.004020 0.9877
0.003940 0.9889
0.003877 0.9900
model.20.cv3.conv
0.018242 0.0000
0.013781 0.4000
0.012227 0.4584
0.010731 0.5111
0.009753 0.5586
0.009331 0.6016
0.008724 0.6403
0.008023 0.6753
0.007527 0.7069
0.006976 0.7354
0.006685 0.7612
0.006378 0.7844
0.006108 0.8054
0.005940 0.8243
0.005776 0.8414
0.005603 0.8568
0.005532 0.8708
0.005458 0.8833
0.005386 0.8947
0.005373 0.9049
0.005272 0.9142
0.005261 0.9225
0.005227 0.9301
0.005177 0.9369
0.005167 0.9430
0.005173 0.9486
0.005170 0.9536
0.005141 0.9581
0.005173 0.9622
0.005141 0.9658
0.005173 0.9692
0.005161 0.9722
0.005136 0.9749
0.005144 0.9773
0.005162 0.9795
0.005144 0.9815
0.005155 0.9833
0.005149 0.9849
0.005111 0.9864
0.005139 0.9877
0.005147 0.9889
0.006675 0.9900
model.24.m.1
0.015483 0.0000
0.014226 0.4000
0.013164 0.4584
0.012500 0.5111
0.011964 0.5586
0.011472 0.6016
0.011230 0.6403
0.010840 0.6753
0.010491 0.7069
0.010180 0.7354
0.009870 0.7612
0.009606 0.7844
0.009448 0.8054
0.009243 0.8243
0.009124 0.8414
0.008971 0.8568
0.008867 0.8708
0.008749 0.8833
0.008778 0.8947
0.008547 0.9049
0.008437 0.9142
0.008392 0.9225
0.008347 0.9301
0.008278 0.9369
0.008241 0.9430
0.008193 0.9486
0.008180 0.9536
0.008220 0.9581
0.008219 0.9622
0.008186 0.9658
0.008121 0.9692
0.008121 0.9722
0.008089 0.9749
0.008039 0.9773
0.008001 0.9795
0.008012 0.9815
0.008063 0.9833
0.007944 0.9849
0.007918 0.9864
0.007851 0.9877
0.007780 0.9889
0.007738 0.9900
model.21.conv
0.041116 0.0000
0.032086 0.4000
0.029367 0.4584
0.026851 0.5111
0.024904 0.5586
0.021949 0.6016
0.020168 0.6403
0.018463 0.6753
0.017158 0.7069
0.016037 0.7354
0.015154 0.7612
0.014218 0.7844
0.013363 0.8054
0.012601 0.8243
0.011756 0.8414
0.011127 0.8568
0.010541 0.8708
0.009939 0.8833
0.009603 0.8947
0.009236 0.9049
0.008825 0.9142
0.008597 0.9225
0.008216 0.9301
0.007893 0.9369
0.007660 0.9430
0.007452 0.9486
0.007364 0.9536
0.007032 0.9581
0.006937 0.9622
0.006741 0.9658
0.006517 0.9692
0.006331 0.9722
0.006077 0.9749
0.005949 0.9773
0.005754 0.9795
0.005576 0.9815
0.005449 0.9833
0.005228 0.9849
0.005138 0.9864
0.005045 0.9877
0.004908 0.9889
0.004677 0.9900
model.23.cv2.conv
0.008472 0.0000
0.007009 0.4000
0.006381 0.4584
0.005807 0.5111
0.005294 0.5586
0.005038 0.6016
0.004651 0.6403
0.004278 0.6753
0.003946 0.7069
0.003546 0.7354
0.003216 0.7612
0.002924 0.7844
0.002771 0.8054
0.002566 0.8243
0.002433 0.8414
0.002305 0.8568
0.002185 0.8708
0.002098 0.8833
0.002026 0.8947
0.001982 0.9049
0.001912 0.9142
0.001897 0.9225
0.001871 0.9301
0.001850 0.9369
0.001840 0.9430
0.001822 0.9486
0.001844 0.9536
0.001805 0.9581
0.001884 0.9622
0.001880 0.9658
0.001885 0.9692
0.001873 0.9722
0.001883 0.9749
0.001874 0.9773
0.001861 0.9795
0.001844 0.9815
0.001850 0.9833
0.001836 0.9849
0.001832 0.9864
0.001834 0.9877
0.001812 0.9889
0.001819 0.9900
model.23.cv1.conv
0.008303 0.0000
0.006946 0.4000
0.006272 0.4584
0.005685 0.5111
0.005186 0.5586
0.004951 0.6016
0.004628 0.6403
0.004208 0.6753
0.003851 0.7069
0.003495 0.7354
0.003140 0.7612
0.002862 0.7844
0.002670 0.8054
0.002509 0.8243
0.002369 0.8414
0.002267 0.8568
0.002167 0.8708
0.002070 0.8833
0.002004 0.8947
0.001961 0.9049
0.001906 0.9142
0.001846 0.9225
0.001816 0.9301
0.001819 0.9369
0.001785 0.9430
0.001785 0.9486
0.001793 0.9536
0.001765 0.9581
0.001777 0.9622
0.001784 0.9658
0.001787 0.9692
0.001770 0.9722
0.001760 0.9749
0.001765 0.9773
0.001746 0.9795
0.001737 0.9815
0.001721 0.9833
0.001725 0.9849
0.001707 0.9864
0.001718 0.9877
0.001690 0.9889
0.002211 0.9900
model.23.m.0.cv1.conv
0.004114 0.0000
0.003462 0.4000
0.003092 0.4584
0.002735 0.5111
0.002491 0.5586
0.002347 0.6016
0.002201 0.6403
0.002029 0.6753
0.001899 0.7069
0.001781 0.7354
0.001671 0.7612
0.001592 0.7844
0.001535 0.8054
0.001504 0.8243
0.001463 0.8414
0.001407 0.8568
0.001391 0.8708
0.001376 0.8833
0.001362 0.8947
0.001356 0.9049
0.001307 0.9142
0.001261 0.9225
0.001254 0.9301
0.001246 0.9369
0.001237 0.9430
0.001236 0.9486
0.001234 0.9536
0.001232 0.9581
0.001274 0.9622
0.001273 0.9658
0.001272 0.9692
0.001276 0.9722
0.001275 0.9749
0.001265 0.9773
0.001263 0.9795
0.001262 0.9815
0.001270 0.9833
0.001264 0.9849
0.001258 0.9864
0.001256 0.9877
0.001259 0.9889
0.002211 0.9900
model.23.m.0.cv2.conv
0.013641 0.0000
0.024206 0.4000
0.022262 0.4584
0.020674 0.5111
0.018668 0.5586
0.017182 0.6016
0.015560 0.6403
0.014097 0.6753
0.012663 0.7069
0.011823 0.7354
0.010819 0.7612
0.010120 0.7844
0.009766 0.8054
0.009097 0.8243
0.008455 0.8414
0.007866 0.8568
0.007500 0.8708
0.007006 0.8833
0.006658 0.8947
0.006320 0.9049
0.005995 0.9142
0.005775 0.9225
0.005520 0.9301
0.005314 0.9369
0.005110 0.9430
0.004966 0.9486
0.004841 0.9536
0.004627 0.9581
0.004499 0.9622
0.004370 0.9658
0.004213 0.9692
0.004098 0.9722
0.003953 0.9749
0.003860 0.9773
0.003709 0.9795
0.003591 0.9815
0.003462 0.9833
0.003314 0.9849
0.003202 0.9864
0.003101 0.9877
0.002989 0.9889
0.002873 0.9900
model.23.m.1.cv1.conv
0.004217 0.0000
0.003434 0.4000
0.003067 0.4584
0.002679 0.5111
0.002415 0.5586
0.002337 0.6016
0.002116 0.6403
0.001951 0.6753
0.001847 0.7069
0.001715 0.7354
0.001618 0.7612
0.001535 0.7844
0.001466 0.8054
0.001396 0.8243
0.001348 0.8414
0.001288 0.8568
0.001263 0.8708
0.001250 0.8833
0.001222 0.8947
0.001217 0.9049
0.001190 0.9142
0.001160 0.9225
0.001134 0.9301
0.001133 0.9369
0.001118 0.9430
0.001112 0.9486
0.001138 0.9536
0.001123 0.9581
0.001119 0.9622
0.001116 0.9658
0.001110 0.9692
0.001114 0.9722
0.001098 0.9749
0.001110 0.9773
0.001100 0.9795
0.001102 0.9815
0.001095 0.9833
0.001091 0.9849
0.001087 0.9864
0.001086 0.9877
0.001076 0.9889
0.001127 0.9900
model.23.m.1.cv2.conv
0.013722 0.0000
0.024665 0.4000
0.022581 0.4584
0.020629 0.5111
0.018647 0.5586
0.017474 0.6016
0.015596 0.6403
0.013994 0.6753
0.012703 0.7069
0.011762 0.7354
0.010872 0.7612
0.010017 0.7844
0.009788 0.8054
0.009121 0.8243
0.008512 0.8414
0.007910 0.8568
0.007380 0.8708
0.007049 0.8833
0.006650 0.8947
0.006338 0.9049
0.005990 0.9142
0.005794 0.9225
0.005542 0.9301
0.005304 0.9369
0.005106 0.9430
0.004912 0.9486
0.004844 0.9536
0.004575 0.9581
0.004386 0.9622
0.004296 0.9658
0.004098 0.9692
0.003942 0.9722
0.003803 0.9749
0.003734 0.9773
0.003544 0.9795
0.003404 0.9815
0.003303 0.9833
0.003189 0.9849
0.003068 0.9864
0.003010 0.9877
0.002954 0.9889
0.002647 0.9900
model.23.cv3.conv
0.016042 0.0000
0.013689 0.4000
0.012449 0.4584
0.011253 0.5111
0.010223 0.5586
0.009607 0.6016
0.008877 0.6403
0.008150 0.6753
0.007510 0.7069
0.006935 0.7354
0.006529 0.7612
0.006082 0.7844
0.005656 0.8054
0.005300 0.8243
0.004961 0.8414
0.004609 0.8568
0.004282 0.8708
0.003965 0.8833
0.003670 0.8947
0.003496 0.9049
0.003280 0.9142
0.003178 0.9225
0.003049 0.9301
0.002974 0.9369
0.002919 0.9430
0.002849 0.9486
0.002832 0.9536
0.002781 0.9581
0.002706 0.9622
0.002678 0.9658
0.002666 0.9692
0.002641 0.9722
0.002607 0.9749
0.002606 0.9773
0.002552 0.9795
0.002553 0.9815
0.002544 0.9833
0.002543 0.9849
0.002518 0.9864
0.002544 0.9877
0.002539 0.9889
0.002520 0.9900
model.24.m.2
0.004930 0.0000
0.006146 0.4000
0.006276 0.4584
0.005869 0.5111
0.005622 0.5586
0.005340 0.6016
0.005127 0.6403
0.004955 0.6753
0.004803 0.7069
0.004622 0.7354
0.004435 0.7612
0.004307 0.7844
0.004198 0.8054
0.004119 0.8243
0.004084 0.8414
0.003942 0.8568
0.003885 0.8708
0.003815 0.8833
0.003733 0.8947
0.003735 0.9049
0.003620 0.9142
0.003613 0.9225
0.003594 0.9301
0.003554 0.9369
0.003526 0.9430
0.003475 0.9486
0.003482 0.9536
0.003412 0.9581
0.003436 0.9622
0.003378 0.9658
0.003441 0.9692
0.003421 0.9722
0.003368 0.9749
0.003403 0.9773
0.003387 0.9795
0.003358 0.9815
0.003292 0.9833
0.003343 0.9849
0.003311 0.9864
0.003287 0.9877
0.003256 0.9889
0.003248 0.9900
